101 2
0.000000 inf
1.009370560115281990e+01 7.025000000000000355e+00
1.011900623873535743e+01 7.075505050505050519e+00
1.014502928905606538e+01 7.126010101010101572e+00
1.017032152200556006e+01 7.176515151515151736e+00
1.019644572043811515e+01 7.227020202020202788e+00
1.022166531219092356e+01 7.277525252525252952e+00
1.024783421182101684e+01 7.328030303030303116e+00
1.027295887285588094e+01 7.378535353535354169e+00
1.029921621491677008e+01 7.429040404040404333e+00
1.032429714763103057e+01 7.479545454545454497e+00
1.035069036428461864e+01 7.530050505050505549e+00
1.037585240881367632e+01 7.580555555555555713e+00
1.040231865118392918e+01 7.631060606060606766e+00
1.042766455609143961e+01 7.681565656565656930e+00
1.045414592677047594e+01 7.732070707070707094e+00
1.047971440722522019e+01 7.782575757575758146e+00
1.050615193589090346e+01 7.833080808080808310e+00
1.053183839422342594e+01 7.883585858585858475e+00
1.055812079597349751e+01 7.934090909090909527e+00
1.058385454492653288e+01 7.984595959595959691e+00
1.060996029345819380e+01 8.035101010101010743e+00
1.063573256325004657e+01 8.085606060606060908e+00
1.066167691113349214e+01 8.136111111111111072e+00
1.068742288309714183e+01 8.186616161616161236e+00
1.071319438044423578e+01 8.237121212121213176e+00
1.073903511648758524e+01 8.287626262626263340e+00
1.076475887643124985e+01 8.338131313131313505e+00
1.079072089869935169e+01 8.388636363636363669e+00
1.081641521879992851e+01 8.439141414141413833e+00
1.084247079867460428e+01 8.489646464646463997e+00
1.086802383672385730e+01 8.540151515151515937e+00
1.089414841351563545e+01 8.590656565656566102e+00
1.091960663119865949e+01 8.641161616161616266e+00
1.094578260014658255e+01 8.691666666666666430e+00
1.097111659183100407e+01 8.742171717171716594e+00
1.099734237012708959e+01 8.792676767676768534e+00
1.102259752006239246e+01 8.843181818181818699e+00
1.104890759593744676e+01 8.893686868686868863e+00
1.107406736464262131e+01 8.944191919191919027e+00
1.110046920945997506e+01 8.994696969696969191e+00
1.112567038859906177e+01 9.045202020202021131e+00
1.115217006886844864e+01 9.095707070707071296e+00
1.117753447878897077e+01 9.146212121212121460e+00
1.120402626582153438e+01 9.196717171717171624e+00
1.122960152488013641e+01 9.247222222222221788e+00
1.125605311408155096e+01 9.297727272727273728e+00
1.128181498660301685e+01 9.348232323232323893e+00
1.130826885349186739e+01 9.398737373737374057e+00
1.133431171862372544e+01 9.449242424242424221e+00
1.136082763308649390e+01 9.499747474747474385e+00
1.138719235666571983e+01 9.550252525252526326e+00
1.141366615124533901e+01 9.600757575757576490e+00
1.144026318215054516e+01 9.651262626262626654e+00
1.146667236294452685e+01 9.701767676767676818e+00
1.149351586081924737e+01 9.752272727272726982e+00
1.151995217933551885e+01 9.802777777777778923e+00
1.154734314020906538e+01 9.853282828282829087e+00
1.157408695190657255e+01 9.903787878787879251e+00
1.160237931512982357e+01 9.954292929292929415e+00
1.163003855114665974e+01 1.000479797979797958e+01
1.165900027987889409e+01 1.005530303030303152e+01
1.168831510725947354e+01 1.010580808080808168e+01
1.171842630714245459e+01 1.015631313131313185e+01
1.175031778325393717e+01 1.020681818181818201e+01
1.178283342270124123e+01 1.025732323232323218e+01
1.181737956718486338e+01 1.030782828282828412e+01
1.185415940287585634e+01 1.035833333333333428e+01
1.189268995306725074e+01 1.040883838383838444e+01
1.193351136611688190e+01 1.045934343434343461e+01
1.197717769869466409e+01 1.050984848484848477e+01
1.202435866396542608e+01 1.056035353535353671e+01
1.207544219142967989e+01 1.061085858585858510e+01
1.213124979902693745e+01 1.066136363636363704e+01
1.219217674151690467e+01 1.071186868686868721e+01
1.225860237187938750e+01 1.076237373737373737e+01
1.233138529956622165e+01 1.081287878787878753e+01
1.241239619936414584e+01 1.086338383838383770e+01
1.250220342910344229e+01 1.091388888888888964e+01
1.260190601919764219e+01 1.096439393939393980e+01
1.271288788865780894e+01 1.101489898989898997e+01
1.283704548231319897e+01 1.106540404040404191e+01
1.297547783566756507e+01 1.111590909090909030e+01
1.313076132288641062e+01 1.116641414141414224e+01
1.330391496270046581e+01 1.121691919191919240e+01
1.349628272072058088e+01 1.126742424242424256e+01
1.370981698153713779e+01 1.131792929292929450e+01
1.394635436502128023e+01 1.136843434343434289e+01
1.420750488007342049e+01 1.141893939393939483e+01
1.449486064789468465e+01 1.146944444444444500e+01
1.480937968348313305e+01 1.151994949494949516e+01
1.515183485500984872e+01 1.157045454545454533e+01
1.552158275251865582e+01 1.162095959595959549e+01
1.578855626751993135e+01 1.167146464646464743e+01
1.591532376940251048e+01 1.172196969696969759e+01
1.596987529536317396e+01 1.177247474747474776e+01
1.599091414907702280e+01 1.182297979797979792e+01
1.599807151906876435e+01 1.187348484848484809e+01
1.600019616201440087e+01 1.192398989898990003e+01
1.600074031832675914e+01 1.197449494949495019e+01
