130 2
0.000000 inf
9.992323310475265785e+00 6.025000000000000355e+00
1.001685670679002271e+01 6.075000000000000178e+00
1.004182603220907666e+01 6.125000000000000000e+00
1.006636320411725904e+01 6.174999999999999822e+00
1.009129412240966772e+01 6.224999999999999645e+00
1.011585632509647503e+01 6.274999999999999467e+00
1.014076488109563634e+01 6.324999999999999289e+00
1.016536728086082597e+01 6.374999999999999112e+00
1.019026696027252399e+01 6.424999999999998934e+00
1.021491836330420888e+01 6.474999999999998757e+00
1.023981857391454575e+01 6.524999999999998579e+00
1.026452076136737368e+01 6.574999999999998401e+00
1.028942484001403734e+01 6.624999999999998224e+00
1.031417193042122804e+01 6.674999999999998046e+00
1.033907505254813941e+01 6.724999999999997868e+00
1.036385328836356123e+01 6.774999999999997691e+00
1.038874072020219685e+01 6.824999999999997513e+00
1.041352896460274202e+01 6.874999999999997335e+00
1.043837505549499767e+01 6.924999999999997158e+00
1.046314609807405915e+01 6.974999999999996980e+00
1.048791423185792837e+01 7.024999999999996803e+00
1.051263677393747820e+01 7.074999999999996625e+00
1.053728021575087759e+01 7.124999999999996447e+00
1.056192119685399788e+01 7.174999999999996270e+00
1.058638448437693569e+01 7.224999999999996092e+00
1.061091128491448643e+01 7.274999999999995914e+00
1.063513164607183370e+01 7.324999999999995737e+00
1.065951370220812322e+01 7.374999999999995559e+00
1.068342201851003992e+01 7.424999999999995381e+00
1.070763152307066512e+01 7.474999999999995204e+00
1.073115259217073181e+01 7.524999999999995026e+00
1.075516420681951146e+01 7.574999999999994849e+00
1.077821638821880157e+01 7.624999999999994671e+00
1.080200621434458341e+01 7.674999999999994493e+00
1.082454715657416244e+01 7.724999999999994316e+00
1.084804519963899061e+01 7.774999999999994138e+00
1.087035490933463677e+01 7.824999999999993960e+00
1.089316100073554416e+01 7.874999999999993783e+00
1.091521724910968061e+01 7.924999999999993605e+00
1.093722637509641693e+01 7.974999999999993427e+00
1.095900799657153080e+01 8.024999999999993250e+00
1.098010943843015319e+01 8.074999999999993960e+00
1.100159986643745569e+01 8.124999999999992895e+00
1.102197127747441918e+01 8.174999999999991829e+00
1.104286963804969268e+01 8.224999999999992539e+00
1.106296337966242760e+01 8.274999999999993250e+00
1.108270018483113439e+01 8.324999999999992184e+00
1.110252939593585353e+01 8.374999999999991118e+00
1.112133751660747727e+01 8.424999999999991829e+00
1.114057983472381963e+01 8.474999999999992539e+00
1.115918117191036529e+01 8.524999999999991473e+00
1.117702208751418169e+01 8.574999999999990408e+00
1.119548692338632279e+01 8.624999999999991118e+00
1.121302124809475131e+01 8.674999999999991829e+00
1.123017700713289813e+01 8.724999999999990763e+00
1.124769539262600659e+01 8.774999999999989697e+00
1.126434986646686198e+01 8.824999999999990408e+00
1.128078147568063727e+01 8.874999999999991118e+00
1.129757239319178375e+01 8.924999999999990052e+00
1.131356126264396522e+01 8.974999999999988987e+00
1.132958024190989477e+01 9.025000000000000355e+00
1.134650629361047791e+01 9.075000000000001066e+00
1.136297267413539203e+01 9.125000000000001776e+00
1.137952787465489024e+01 9.175000000000002487e+00
1.139687386797509561e+01 9.225000000000003197e+00
1.141338411891117133e+01 9.275000000000003908e+00
1.142963619474557291e+01 9.325000000000004619e+00
1.144745084051628403e+01 9.375000000000005329e+00
1.146494005203136446e+01 9.425000000000006040e+00
1.148268448101712558e+01 9.475000000000006750e+00
1.150107091269766357e+01 9.525000000000007461e+00
1.151854654726340677e+01 9.575000000000008171e+00
1.153732730293080699e+01 9.625000000000008882e+00
1.155618987936964182e+01 9.675000000000009592e+00
1.157412730010305602e+01 9.725000000000010303e+00
1.159465632133765389e+01 9.775000000000011013e+00
1.161483578647620618e+01 9.825000000000011724e+00
1.163640073263628416e+01 9.875000000000012434e+00
1.165927158256200435e+01 9.925000000000013145e+00
1.168258860875514848e+01 9.975000000000013856e+00
1.170829793822595377e+01 1.002500000000001457e+01
1.173484068095889654e+01 1.007500000000001528e+01
1.176402974535606205e+01 1.012500000000001599e+01
1.179656848833666416e+01 1.017500000000001670e+01
1.183238083533555063e+01 1.022500000000001741e+01
1.187198610780285790e+01 1.027500000000001812e+01
1.191689025695974458e+01 1.032500000000001883e+01
1.196795361539196101e+01 1.037500000000001954e+01
1.202473244253225637e+01 1.042500000000002025e+01
1.208915884605015201e+01 1.047500000000002096e+01
1.216117428141802037e+01 1.052500000000002167e+01
1.224245806792924185e+01 1.057500000000002238e+01
1.233359057586421592e+01 1.062500000000002309e+01
1.243603090247361642e+01 1.067500000000002380e+01
1.254969749643940347e+01 1.072500000000002451e+01
1.267439757181558946e+01 1.077500000000002522e+01
1.281264413610230157e+01 1.082500000000002593e+01
1.296276252413922592e+01 1.087500000000002665e+01
1.312273700966732548e+01 1.092500000000002736e+01
1.329478327454630460e+01 1.097500000000002807e+01
1.347678194044028110e+01 1.102500000000002878e+01
1.366876073184592855e+01 1.107500000000002949e+01
1.387076559599670134e+01 1.112500000000003020e+01
1.407966498529073185e+01 1.117500000000003091e+01
1.429380444872759881e+01 1.122500000000003162e+01
1.451404061016967262e+01 1.127500000000003233e+01
1.474190938190175615e+01 1.132500000000003304e+01
1.497831858007112338e+01 1.137500000000003375e+01
1.522509680315411451e+01 1.142500000000003446e+01
1.548383971004387050e+01 1.147500000000003517e+01
1.572135136621697349e+01 1.152500000000003588e+01
1.590228360747419778e+01 1.157500000000003659e+01
1.603675934223042532e+01 1.162500000000003730e+01
1.613880942455383050e+01 1.167500000000003801e+01
1.621381836602330040e+01 1.172500000000003872e+01
1.626658160085127847e+01 1.177500000000003944e+01
1.630362142596939989e+01 1.182500000000004015e+01
1.632999497635791641e+01 1.187500000000004086e+01
1.634773224696957428e+01 1.192500000000004157e+01
1.635973181399639031e+01 1.197500000000004228e+01
1.636712176361922033e+01 1.202500000000004299e+01
1.637112290738008369e+01 1.207500000000004370e+01
1.637361498201343224e+01 1.212500000000004441e+01
1.637500374669824055e+01 1.217500000000004512e+01
1.637568289313989567e+01 1.222500000000004583e+01
1.637599673744769291e+01 1.227500000000004654e+01
1.637625610774286855e+01 1.232500000000004725e+01
1.637643284393856646e+01 1.237500000000004796e+01
