130 2
0.000000 inf
9.913937538975938324e+00 6.025000000000000355e+00
9.938671118282453421e+00 6.075000000000000178e+00
9.963279380653096595e+00 6.125000000000000000e+00
9.987914098129836660e+00 6.174999999999999822e+00
1.001251817997970583e+01 6.224999999999999645e+00
1.003710327577850414e+01 6.274999999999999467e+00
1.006178811047757726e+01 6.324999999999999289e+00
1.008640458412490837e+01 6.374999999999999112e+00
1.011124003865265308e+01 6.424999999999998934e+00
1.013593975476699605e+01 6.474999999999998757e+00
1.016090310192322121e+01 6.524999999999998579e+00
1.018564857154471071e+01 6.574999999999998401e+00
1.021062434219849813e+01 6.624999999999998224e+00
1.023530062111406203e+01 6.674999999999998046e+00
1.026016736592351286e+01 6.724999999999997868e+00
1.028465879014938977e+01 6.774999999999997691e+00
1.030936508235815374e+01 6.824999999999997513e+00
1.033360910177946401e+01 6.874999999999997335e+00
1.035817522583655581e+01 6.924999999999997158e+00
1.038215868760104854e+01 6.974999999999996980e+00
1.040663647579836670e+01 7.024999999999996803e+00
1.043036843600616770e+01 7.074999999999996625e+00
1.045480793248790086e+01 7.124999999999996447e+00
1.047829861662956219e+01 7.174999999999996270e+00
1.050273371874175510e+01 7.224999999999996092e+00
1.052598419469717506e+01 7.274999999999995914e+00
1.055042922131906380e+01 7.324999999999995737e+00
1.057358829047879212e+01 7.374999999999995559e+00
1.059787798324369312e+01 7.424999999999995381e+00
1.062104342850500771e+01 7.474999999999995204e+00
1.064503490364875127e+01 7.524999999999995026e+00
1.066819133657006979e+01 7.574999999999994849e+00
1.069183514606086938e+01 7.624999999999994671e+00
1.071496368802641008e+01 7.674999999999994493e+00
1.073820737676438775e+01 7.724999999999994316e+00
1.076129572071071472e+01 7.774999999999994138e+00
1.078408770950321305e+01 7.824999999999993960e+00
1.080713810858190449e+01 7.874999999999993783e+00
1.082942930397790171e+01 7.924999999999993605e+00
1.085245840126014372e+01 7.974999999999993427e+00
1.087428372469062765e+01 8.024999999999993250e+00
1.089722863772982109e+01 8.074999999999993960e+00
1.091905385596902711e+01 8.124999999999992895e+00
1.094140604428689834e+01 8.174999999999991829e+00
1.096323232052979080e+01 8.224999999999992539e+00
1.098491693234692512e+01 8.274999999999993250e+00
1.100671746464339762e+01 8.324999999999992184e+00
1.102765029472124780e+01 8.374999999999991118e+00
1.104937625630967091e+01 8.424999999999991829e+00
1.106998709764477873e+01 8.474999999999992539e+00
1.109107084358918272e+01 8.524999999999991473e+00
1.111158049171037554e+01 8.574999999999990408e+00
1.113168390981369349e+01 8.624999999999991118e+00
1.115210747089721366e+01 8.674999999999991829e+00
1.117150827620384490e+01 8.724999999999990763e+00
1.119157816476994327e+01 8.774999999999989697e+00
1.121102119400991093e+01 8.824999999999990408e+00
1.123005289852364008e+01 8.874999999999991118e+00
1.124975179428247607e+01 8.924999999999990052e+00
1.126850973722579852e+01 8.974999999999988987e+00
1.128822149739247216e+01 9.025000000000000355e+00
1.130818304595472057e+01 9.075000000000001066e+00
1.132793371536937777e+01 9.125000000000001776e+00
1.134923827715627276e+01 9.175000000000002487e+00
1.136959961535329278e+01 9.225000000000003197e+00
1.139056275472807656e+01 9.275000000000003908e+00
1.141104207961021899e+01 9.325000000000004619e+00
1.143201152589703185e+01 9.375000000000005329e+00
1.145388621456032929e+01 9.425000000000006040e+00
1.147480441876885138e+01 9.475000000000006750e+00
1.149637424539080932e+01 9.525000000000007461e+00
1.151689087931023714e+01 9.575000000000008171e+00
1.153796181257836118e+01 9.625000000000008882e+00
1.155868135632143101e+01 9.675000000000009592e+00
1.157874251439694824e+01 9.725000000000010303e+00
1.160022817790382277e+01 9.775000000000011013e+00
1.162119749604109664e+01 9.825000000000011724e+00
1.164399607563600725e+01 9.875000000000012434e+00
1.166682205367355429e+01 9.925000000000013145e+00
1.169094809590902173e+01 9.975000000000013856e+00
1.171588270288829570e+01 1.002500000000001457e+01
1.174247358365803784e+01 1.007500000000001528e+01
1.177016732327247261e+01 1.012500000000001599e+01
1.180147560447246313e+01 1.017500000000001670e+01
1.183508653946458722e+01 1.022500000000001741e+01
1.187122061269947437e+01 1.027500000000001812e+01
1.191125069695793925e+01 1.032500000000001883e+01
1.195518714477289457e+01 1.037500000000001954e+01
1.200219061101346796e+01 1.042500000000002025e+01
1.205219924062594039e+01 1.047500000000002096e+01
1.210577606970933751e+01 1.052500000000002167e+01
1.216307109519679130e+01 1.057500000000002238e+01
1.222413264606099759e+01 1.062500000000002309e+01
1.229064968244296985e+01 1.067500000000002380e+01
1.236125074339582675e+01 1.072500000000002451e+01
1.243679918054450440e+01 1.077500000000002522e+01
1.251803417856474709e+01 1.082500000000002593e+01
1.260499401705746081e+01 1.087500000000002665e+01
1.269561568012553998e+01 1.092500000000002736e+01
1.279077736937920662e+01 1.097500000000002807e+01
1.288971856089500179e+01 1.102500000000002878e+01
1.299166086594346048e+01 1.107500000000002949e+01
1.309662167591147330e+01 1.112500000000003020e+01
1.320263559999696135e+01 1.117500000000003091e+01
1.330876734752812496e+01 1.122500000000003162e+01
1.341573087813200615e+01 1.127500000000003233e+01
1.352413873312226578e+01 1.132500000000003304e+01
1.363577071474265523e+01 1.137500000000003375e+01
1.375072376502350480e+01 1.142500000000003446e+01
1.386955337855269121e+01 1.147500000000003517e+01
1.399344885418943107e+01 1.152500000000003588e+01
1.411943298992366458e+01 1.157500000000003659e+01
1.424754527854024211e+01 1.162500000000003730e+01
1.438067357892941622e+01 1.167500000000003801e+01
1.451862770654296853e+01 1.172500000000003872e+01
1.465699438008697442e+01 1.177500000000003944e+01
1.479635612265161626e+01 1.182500000000004015e+01
1.494231106350352611e+01 1.187500000000004086e+01
1.509137311432248651e+01 1.192500000000004157e+01
1.525096405698043966e+01 1.197500000000004228e+01
1.541373162987101075e+01 1.202500000000004299e+01
1.555651373982904850e+01 1.207500000000004370e+01
1.565409057260239223e+01 1.212500000000004441e+01
1.570846745907188513e+01 1.217500000000004512e+01
1.573505934274948181e+01 1.222500000000004583e+01
1.574734787260697289e+01 1.227500000000004654e+01
1.575750348013978375e+01 1.232500000000004725e+01
1.576442356109638965e+01 1.237500000000004796e+01
