130 2
0.000000 inf
9.943533481063489887e+00 6.025000000000000355e+00
9.967909811279998422e+00 6.075000000000000178e+00
9.992849785821707798e+00 6.125000000000000000e+00
1.001725164974781279e+01 6.174999999999999822e+00
1.004215879905633990e+01 6.224999999999999645e+00
1.006660929357927969e+01 6.274999999999999467e+00
1.009150724839127555e+01 6.324999999999999289e+00
1.011602758990632722e+01 6.374999999999999112e+00
1.014093878674748872e+01 6.424999999999998934e+00
1.016554097275695590e+01 6.474999999999998757e+00
1.019047886577247830e+01 6.524999999999998579e+00
1.021515909846083225e+01 6.574999999999998401e+00
1.024012062454054295e+01 6.624999999999998224e+00
1.026485623277822690e+01 6.674999999999998046e+00
1.028981736768341726e+01 6.724999999999997868e+00
1.031456906460248391e+01 6.774999999999997691e+00
1.033948573497097101e+01 6.824999999999997513e+00
1.036420503771406487e+01 6.874999999999997335e+00
1.038901944146645384e+01 6.924999999999997158e+00
1.041365888011644891e+01 6.974999999999996980e+00
1.043830861068691007e+01 7.024999999999996803e+00
1.046283123311209806e+01 7.074999999999996625e+00
1.048725746575346029e+01 7.124999999999996447e+00
1.051164274104790586e+01 7.174999999999996270e+00
1.053579486843117152e+01 7.224999999999996092e+00
1.056003987230431385e+01 7.274999999999995914e+00
1.058387618814966480e+01 7.324999999999995737e+00
1.060799273781943697e+01 7.374999999999995559e+00
1.063147836548190206e+01 7.424999999999995381e+00
1.065548769784246552e+01 7.474999999999995204e+00
1.067859129393714746e+01 7.524999999999995026e+00
1.070251784906335679e+01 7.574999999999994849e+00
1.072520813736794310e+01 7.624999999999994671e+00
1.074907342610322125e+01 7.674999999999994493e+00
1.077168586941533235e+01 7.724999999999994316e+00
1.079513292631501287e+01 7.774999999999994138e+00
1.081770083243397274e+01 7.824999999999993960e+00
1.084065509979880559e+01 7.874999999999993783e+00
1.086317779674395290e+01 7.924999999999993605e+00
1.088557203950966645e+01 7.974999999999993427e+00
1.090803118941651206e+01 8.024999999999993250e+00
1.092978424887304811e+01 8.074999999999993960e+00
1.095214103411612250e+01 8.124999999999992895e+00
1.097333369074896936e+01 8.174999999999991829e+00
1.099535567950922399e+01 8.224999999999992539e+00
1.101640065479821828e+01 8.274999999999993250e+00
1.103750199257238940e+01 8.324999999999992184e+00
1.105833652319898164e+01 8.374999999999991118e+00
1.107839948798764240e+01 8.424999999999991829e+00
1.109897000143264201e+01 8.474999999999992539e+00
1.111848862285011386e+01 8.524999999999991473e+00
1.113815573440620810e+01 8.574999999999990408e+00
1.115741405215764281e+01 8.624999999999991118e+00
1.117576899733710682e+01 8.674999999999991829e+00
1.119480242399009207e+01 8.724999999999990763e+00
1.121288952442720621e+01 8.774999999999989697e+00
1.123059057719554055e+01 8.824999999999990408e+00
1.124857287502925374e+01 8.874999999999991118e+00
1.126568583237174259e+01 8.924999999999990052e+00
1.128272389310301627e+01 8.974999999999988987e+00
1.130022254362427958e+01 9.025000000000000355e+00
1.131722372366843921e+01 9.075000000000001066e+00
1.133477219242226397e+01 9.125000000000001776e+00
1.135272191007827303e+01 9.175000000000002487e+00
1.136987693421774281e+01 9.225000000000003197e+00
1.138760111104871342e+01 9.275000000000003908e+00
1.140503121517267004e+01 9.325000000000004619e+00
1.142236562892373364e+01 9.375000000000005329e+00
1.144130699829490183e+01 9.425000000000006040e+00
1.145975705691859048e+01 9.475000000000006750e+00
1.147768294469624806e+01 9.525000000000007461e+00
1.149678505639542614e+01 9.575000000000008171e+00
1.151543627206963016e+01 9.625000000000008882e+00
1.153441611279535550e+01 9.675000000000009592e+00
1.155383735274029355e+01 9.725000000000010303e+00
1.157299044124311749e+01 9.775000000000011013e+00
1.159433333100807850e+01 9.825000000000011724e+00
1.161567446157262218e+01 9.875000000000012434e+00
1.163851908637128219e+01 9.925000000000013145e+00
1.166217713712063286e+01 9.975000000000013856e+00
1.168729061290053295e+01 1.002500000000001457e+01
1.171391626138560760e+01 1.007500000000001528e+01
1.174291396605558901e+01 1.012500000000001599e+01
1.177400830087788997e+01 1.017500000000001670e+01
1.181051571337537887e+01 1.022500000000001741e+01
1.184977800313154006e+01 1.027500000000001812e+01
1.189328158270904368e+01 1.032500000000001883e+01
1.194282302645915017e+01 1.037500000000001954e+01
1.199762565174836304e+01 1.042500000000002025e+01
1.205766667965505157e+01 1.047500000000002096e+01
1.212351589124983597e+01 1.052500000000002167e+01
1.219711356185215756e+01 1.057500000000002238e+01
1.227665187164583926e+01 1.062500000000002309e+01
1.236440678358013656e+01 1.067500000000002380e+01
1.245924524156755631e+01 1.072500000000002451e+01
1.256153746944866967e+01 1.077500000000002522e+01
1.267211836594301211e+01 1.082500000000002593e+01
1.279123061587795540e+01 1.087500000000002665e+01
1.291622237212179414e+01 1.092500000000002736e+01
1.304903606508882241e+01 1.097500000000002807e+01
1.318828765480786913e+01 1.102500000000002878e+01
1.333359556800748003e+01 1.107500000000002949e+01
1.348557557425512243e+01 1.112500000000003020e+01
1.364170290730074697e+01 1.117500000000003091e+01
1.380061401002366672e+01 1.122500000000003162e+01
1.396322285104697514e+01 1.127500000000003233e+01
1.413050918992878913e+01 1.132500000000003304e+01
1.430388964874627789e+01 1.137500000000003375e+01
1.448354483135436510e+01 1.142500000000003446e+01
1.467104238048739973e+01 1.147500000000003517e+01
1.486551807271704639e+01 1.152500000000003588e+01
1.506388486914905656e+01 1.157500000000003659e+01
1.526366241406548241e+01 1.162500000000003730e+01
1.547216845261123552e+01 1.167500000000003801e+01
1.566239692227961733e+01 1.172500000000003872e+01
1.579637586214174050e+01 1.177500000000003944e+01
1.589042916494214452e+01 1.182500000000004015e+01
1.595739815069470779e+01 1.187500000000004086e+01
1.600243748007520139e+01 1.192500000000004157e+01
1.603290735695630431e+01 1.197500000000004228e+01
1.605167227194548474e+01 1.202500000000004299e+01
1.606183216834047300e+01 1.207500000000004370e+01
1.606816016393289104e+01 1.212500000000004441e+01
1.607168658191683619e+01 1.217500000000004512e+01
1.607341110317791077e+01 1.222500000000004583e+01
1.607420803171684298e+01 1.227500000000004654e+01
1.607486663722676923e+01 1.232500000000004725e+01
1.607531541426275368e+01 1.237500000000004796e+01
