# 1st column: log(Mhalo/Msun)
# 2nd column: log(Mstar/Msun)

9.94895 6.025
9.97563 6.075
10.00115 6.125
10.02532 6.175
10.04822 6.225
10.07469 6.275
10.10018 6.325
10.12433 6.375
10.14720 6.425
10.17340 6.475
10.19885 6.525
10.22297 6.575
10.24581 6.625
10.27163 6.675
10.29704 6.725
10.32111 6.775
10.34392 6.825
10.36924 6.875
10.39460 6.925
10.41862 6.975
10.44139 7.025
10.46604 7.075
10.49135 7.125
10.51532 7.175
10.53804 7.225
10.56184 7.275
10.58708 7.325
10.61100 7.375
10.63367 7.425
10.65636 7.475
10.68155 7.525
10.70541 7.575
10.72802 7.625
10.74944 7.675
10.77444 7.725
10.79824 7.775
10.82080 7.825
10.84218 7.875
10.86539 7.925
10.88916 7.975
10.91167 8.025
10.93302 8.075
10.95402 8.125
10.97775 8.175
11.00025 8.225
11.02158 8.275
11.04180 8.325
11.06359 8.375
11.08610 8.425
11.10745 8.475
11.12772 8.525
11.14695 8.575
11.16881 8.625
11.19025 8.675
11.21063 8.725
11.22999 8.775
11.24839 8.825
11.26967 8.875
11.29028 8.925
11.30990 8.975
11.32895 9.025
11.34746 9.075
11.36912 9.125
11.39080 9.175
11.41151 9.225
11.43123 9.275
11.44994 9.325
11.47295 9.375
11.49555 9.425
11.51717 9.475
11.53778 9.525
11.55911 9.575
11.58277 9.625
11.60528 9.675
11.62668 9.725
11.64779 9.775
11.67276 9.825
11.69787 9.875
11.72249 9.925
11.74638 9.975
11.77465 10.025
11.80308 10.075
11.83125 10.125
11.86188 10.175
11.89730 10.225
11.93190 10.275
11.96989 10.325
12.01215 10.375
12.05363 10.425
12.10192 10.475
12.14828 10.525
12.20270 10.575
12.25576 10.625
12.31642 10.675
12.37831 10.725
12.44284 10.775
12.51471 10.825
12.58869 10.875
12.66419 10.925
12.74389 10.975
12.82851 11.025
12.91515 11.075
13.00433 11.125
13.09482 11.175
13.18598 11.225
13.27851 11.275
13.37293 11.325
13.46985 11.375
13.56977 11.425
13.67308 11.475
13.77875 11.525
13.88478 11.575
13.98939 11.625
14.09619 11.675
14.20358 11.725
14.30833 11.775
14.41163 11.825
14.51718 11.875
14.62214 11.925
14.73063 11.975
14.83765 12.025
14.93360 12.075
15.03198 12.125
15.12776 12.175
15.21077 12.225
15.26778 12.275
15.34969 12.325
15.51530 12.375
