       10.000000     -0.43214123
       10.011000     -0.44183160
       10.022000     -0.45152058
       10.033000     -0.46120514
       10.044000     -0.47088526
       10.055000     -0.48056092
       10.066000     -0.49074019
       10.077000     -0.50308142
       10.088000     -0.51492728
       10.099000     -0.52460458
       10.110000     -0.53427743
       10.121000     -0.54394581
       10.132000     -0.55360969
       10.143000     -0.56326906
       10.154000     -0.57292390
       10.165000     -0.58257418
       10.176000     -0.59221988
       10.187000     -0.60262884
       10.198000     -0.61500418
       10.209000     -0.62662280
       10.220000     -0.63627055
       10.231000     -0.64591374
       10.242000     -0.65555234
       10.253000     -0.66518634
       10.264000     -0.67481572
       10.275000     -0.68444044
       10.286000     -0.69406051
       10.297000     -0.70367588
       10.308000     -0.71432595
       10.319000     -0.72673628
       10.330000     -0.73811658
       10.341000     -0.74773446
       10.352000     -0.75734766
       10.363000     -0.76695617
       10.374000     -0.77655998
       10.385000     -0.78615905
       10.396000     -0.79575337
       10.407000     -0.80534292
       10.418000     -0.81492767
       10.429000     -0.82583073
       10.440000     -0.83827726
       10.451000     -0.84940804
       10.462000     -0.85899580
       10.473000     -0.86857879
       10.484000     -0.87815700
       10.495000     -0.88773039
       10.506000     -0.89729896
       10.517000     -0.90686267
       10.528000     -0.91642151
       10.539000     -0.92597546
       10.550000     -0.93714398
       10.561000     -0.94962821
       10.572000     -0.96049812
       10.583000     -0.97005565
       10.594000     -0.97960832
       10.605000     -0.98915611
       10.616000     -0.99869900
       10.627000      -1.0082370
       10.638000      -1.0177700
       10.649000      -1.0272981
       10.660000      -1.0368212
       10.671000      -1.0482683
       10.682000      -1.0607921
       10.693000      -1.0713896
       10.704000      -1.0809169
       10.715000      -1.0904393
       10.726000      -1.0999567
       10.737000      -1.1094691
       10.748000      -1.1189766
       10.759000      -1.1284790
       10.770000      -1.1379764
       10.781000      -1.1474687
       10.792000      -1.1592085
       10.803000      -1.1717742
       10.814000      -1.1820874
       10.825000      -1.1915847
       10.836000      -1.2010770
       10.847000      -1.2105643
       10.858000      -1.2200465
       10.869000      -1.2295236
       10.880000      -1.2389957
       10.891000      -1.2484627
       10.902000      -1.2579245
       10.913000      -1.2699719
       10.924000      -1.2825823
       10.935000      -1.2925992
       10.946000      -1.3020668
       10.957000      -1.3115294
       10.968000      -1.3209870
       10.979000      -1.3304394
       10.990000      -1.3398867
       11.001000      -1.3493290
       11.012000      -1.3587660
       11.023000      -1.3681979
       11.034000      -1.3805689
       11.045000      -1.3932274
       11.056000      -1.4029354
       11.067000      -1.4123740
       11.078000      -1.4218076
       11.089000      -1.4312361
       11.100000      -1.4406595
       11.111000      -1.4500778
       11.122000      -1.4594909
       11.133000      -1.4688988
       11.144000      -1.4783308
       11.155000      -1.4910137
       11.166000      -1.5036945
       11.177000      -1.5131102
       11.188000      -1.5225208
       11.199000      -1.5319264
       11.210000      -1.5413268
       11.221000      -1.5507222
       11.232000      -1.5601124
       11.243000      -1.5694975
       11.254000      -1.5788775
       11.265000      -1.5885870
       11.276000      -1.6013249
       11.287000      -1.6137532
       11.298000      -1.6231421
       11.309000      -1.6325260
       11.320000      -1.6419049
       11.331000      -1.6512787
       11.342000      -1.6606474
       11.353000      -1.6700110
       11.364000      -1.6793696
       11.375000      -1.6887230
       11.386000      -1.6987270
       11.397000      -1.7115252
       11.408000      -1.7236907
       11.419000      -1.7330546
       11.430000      -1.7424135
       11.441000      -1.7517674
       11.452000      -1.7611163
       11.463000      -1.7704603
       11.474000      -1.7797992
       11.485000      -1.7891332
       11.496000      -1.7984622
       11.507000      -1.8087789
       11.518000      -1.8216436
       11.529000      -1.8335358
       11.540000      -1.8428768
       11.551000      -1.8522129
       11.562000      -1.8615442
       11.573000      -1.8708707
       11.584000      -1.8801923
       11.595000      -1.8895090
       11.606000      -1.8988209
       11.617000      -1.9081279
       11.628000      -1.9187777
       11.639000      -1.9317160
       11.650000      -1.9433242
       11.661000      -1.9526451
       11.672000      -1.9619614
       11.683000      -1.9712730
       11.694000      -1.9805799
       11.705000      -1.9898822
       11.716000      -1.9991798
       11.727000      -2.0084728
       11.738000      -2.0177612
       11.749000      -2.0287661
       11.760000      -2.0417862
       11.771000      -2.0530995
       11.782000      -2.0624039
       11.793000      -2.0717039
       11.804000      -2.0809995
       11.815000      -2.0902906
       11.826000      -2.0995774
       11.837000      -2.1088599
       11.848000      -2.1181379
       11.859000      -2.1274117
       11.870000      -2.1387963
       11.881000      -2.1519078
       11.892000      -2.1629150
       11.903000      -2.1722072
       11.914000      -2.1814954
       11.925000      -2.1907795
       11.936000      -2.2000596
       11.947000      -2.2093357
       11.958000      -2.2186077
       11.969000      -2.2278758
       11.980000      -2.2371400
       11.991000      -2.2489316
       12.002000      -2.2621453
       12.013000      -2.2728349
       12.024000      -2.2821204
       12.035000      -2.2914023
       12.046000      -2.3006806
       12.057000      -2.3099553
       12.068000      -2.3192265
       12.079000      -2.3284942
       12.090000      -2.3377584
       12.101000      -2.3470192
       12.112000      -2.3592479
       12.123000      -2.3725765
       12.134000      -2.3829369
       12.145000      -2.3922223
       12.156000      -2.4015047
       12.167000      -2.4107840
       12.178000      -2.4200604
       12.189000      -2.4293338
       12.200000      -2.4386044
       12.211000      -2.4478722
       12.222000      -2.4571372
       12.233000      -2.4698367
       12.244000      -2.4832946
       12.255000      -2.4933140
       12.266000      -2.5026074
       12.277000      -2.5118985
       12.288000      -2.5211873
       12.299000      -2.5304739
       12.310000      -2.5397583
       12.321000      -2.5490407
       12.332000      -2.5583210
       12.343000      -2.5675995
       12.354000      -2.5808073
       12.365000      -2.5944113
       12.376000      -2.6040777
       12.387000      -2.6133889
       12.398000      -2.6226988
       12.409000      -2.6320072
       12.420000      -2.6413144
       12.431000      -2.6506204
       12.442000      -2.6599254
       12.453000      -2.6692293
       12.464000      -2.6785716
       12.475000      -2.6922907
       12.486000      -2.7060199
       12.497000      -2.7153613
       12.508000      -2.7247023
       12.519000      -2.7340429
       12.530000      -2.7433834
       12.541000      -2.7527237
       12.552000      -2.7620642
       12.563000      -2.7714047
       12.574000      -2.7807456
       12.585000      -2.7905396
       12.596000      -2.8044429
       12.607000      -2.8179399
       12.618000      -2.8273239
       12.629000      -2.8367090
       12.640000      -2.8460951
       12.651000      -2.8554824
       12.662000      -2.8648712
       12.673000      -2.8742615
       12.684000      -2.8836534
       12.695000      -2.8930473
       12.706000      -2.9033366
       12.717000      -2.9174492
       12.728000      -2.9307116
       12.739000      -2.9401554
       12.750000      -2.9496018
       12.761000      -2.9590510
       12.772000      -2.9685032
       12.783000      -2.9779586
       12.794000      -2.9874174
       12.805000      -2.9968798
       12.816000      -3.0063460
       12.827000      -3.0171800
       12.838000      -3.0315311
       12.849000      -3.0445580
       12.860000      -3.0540819
       12.871000      -3.0636105
       12.882000      -3.0731440
       12.893000      -3.0826827
       12.904000      -3.0922268
       12.915000      -3.1017766
       12.926000      -3.1113323
       12.937000      -3.1208942
       12.948000      -3.1323290
       12.959000      -3.1469522
       12.970000      -3.1597447
       12.981000      -3.1693733
       12.992000      -3.1790091
       13.003000      -3.1886524
       13.014000      -3.1983037
       13.025000      -3.2079630
       13.036000      -3.2176309
       13.047000      -3.2273075
       13.058000      -3.2369932
       13.069000      -3.2490926
       13.080000      -3.2640267
       13.091000      -3.2765884
       13.102000      -3.2863512
       13.113000      -3.2961244
       13.124000      -3.3059083
       13.135000      -3.3157034
       13.146000      -3.3255099
       13.157000      -3.3353283
       13.168000      -3.3451590
       13.179000      -3.3550024
       13.190000      -3.3678392
       13.201000      -3.3831295
       13.212000      -3.3954671
       13.223000      -3.4053997
       13.234000      -3.4153465
       13.245000      -3.4253080
       13.256000      -3.4352845
       13.267000      -3.4452766
       13.278000      -3.4552848
       13.289000      -3.4653096
       13.300000      -3.4753514
       13.311000      -3.4890087
       13.322000      -3.5047078
       13.333000      -3.5168324
       13.344000      -3.5269775
       13.355000      -3.5371415
       13.366000      -3.5473250
       13.377000      -3.5575284
       13.388000      -3.5677523
       13.399000      -3.5779975
       13.410000      -3.5882644
       13.421000      -3.5985539
       13.432000      -3.6131269
       13.443000      -3.6292959
       13.454000      -3.6412242
       13.465000      -3.6516334
       13.476000      -3.6620671
       13.487000      -3.6725260
       13.498000      -3.6830109
       13.509000      -3.6935225
       13.520000      -3.7040615
       13.531000      -3.7146287
       13.542000      -3.7252249
       13.553000      -3.7408231
       13.564000      -3.7575338
       13.575000      -3.7692893
       13.586000      -3.7800245
       13.597000      -3.7907911
       13.608000      -3.8015902
       13.619000      -3.8124224
       13.630000      -3.8232889
       13.641000      -3.8341904
       13.652000      -3.8451280
       13.663000      -3.8561026
       13.674000      -3.8728517
       13.685000      -3.8901881
       13.696000      -3.9018035
       13.707000      -3.9129395
       13.718000      -3.9241156
       13.729000      -3.9353326
       13.740000      -3.9465919
       13.751000      -3.9578944
       13.762000      -3.9692415
       13.773000      -3.9806342
       13.784000      -3.9921314
       13.795000      -4.0101187
       13.806000      -4.0281215
       13.817000      -4.0396997
       13.828000      -4.0513270
       13.839000      -4.0630046
       13.850000      -4.0747340
       13.861000      -4.0865165
       13.872000      -4.0983536
       13.883000      -4.1102466
       13.894000      -4.1221970
       13.905000      -4.1348767
       13.916000      -4.1537076
       13.927000      -4.1719351
       13.938000      -4.1841015
       13.949000      -4.1963295
       13.960000      -4.2086206
       13.971000      -4.2209766
       13.982000      -4.2333991
       13.993000      -4.2458898
       14.004000      -4.2584506
       14.015000      -4.2710834
       14.026000      -4.2851232
       14.037000      -4.3049385
       14.048000      -4.3234813
       14.059000      -4.3363660
       14.070000      -4.3493275
       14.081000      -4.3623678
       14.092000      -4.3754890
       14.103000      -4.3886933
       14.114000      -4.4019827
       14.125000      -4.4153595
       14.136000      -4.4288262
       14.147000      -4.4444355
       14.158000      -4.4654027
       14.169000      -4.4843754
       14.180000      -4.4981363
       14.191000      -4.5119928
       14.202000      -4.5259475
       14.213000      -4.5400027
       14.224000      -4.5541613
       14.235000      -4.5684259
       14.246000      -4.5827994
       14.257000      -4.5972846
       14.268000      -4.6147113
       14.279000      -4.6370311
       14.290000      -4.6565777
       14.301000      -4.6714074
       14.312000      -4.6863559
       14.323000      -4.7014262
       14.334000      -4.7166215
       14.345000      -4.7319452
       14.356000      -4.7474007
       14.367000      -4.7629914
       14.378000      -4.7787212
       14.389000      -4.7982599
       14.400000      -4.8221728
       14.411000      -4.8424751
       14.422000      -4.8586088
       14.433000      -4.8748899
       14.444000      -4.8913222
       14.455000      -4.9079096
       14.466000      -4.9246565
       14.477000      -4.9415670
       14.488000      -4.9586456
       14.499000      -4.9758968
       14.510000      -4.9978992
       14.521000      -5.0236954
       14.532000      -5.0449823
       14.543000      -5.0627085
       14.554000      -5.0806173
       14.565000      -5.0987137
       14.576000      -5.1170028
       14.587000      -5.1354896
       14.598000      -5.1541797
       14.609000      -5.1730786
       14.620000      -5.1921920
       14.631000      -5.2170804
       14.642000      -5.2451108
       14.653000      -5.2676710
       14.664000      -5.2873441
       14.675000      -5.3072438
       14.686000      -5.3273762
       14.697000      -5.3477478
       14.708000      -5.3683651
       14.719000      -5.3892349
       14.730000      -5.4103641
       14.741000      -5.4317601
       14.752000      -5.4600438
       14.763000      -5.4907349
       14.774000      -5.5149327
       14.785000      -5.5369900
       14.796000      -5.5593286
       14.807000      -5.5819564
       14.818000      -5.6048813
       14.829000      -5.6281116
       14.840000      -5.6516559
       14.851000      -5.6755230
       14.862000      -5.6997222
       14.873000      -5.7320188
       14.884000      -5.7658906
       14.895000      -5.7921866
       14.906000      -5.8171694
       14.917000      -5.8425020
       14.928000      -5.8681941
       14.939000      -5.8942559
       14.950000      -5.9206980
       14.961000      -5.9475312
       14.972000      -5.9747667
       14.983000      -6.0024161
       14.994000      -6.0394788
       15.005000      -6.0771684
       15.016000      -6.1061452
       15.027000      -6.1347261
       15.038000      -6.1637425
       15.049000      -6.1932068
       15.060000      -6.2231320
       15.071000      -6.2535315
       15.082000      -6.2844189
       15.093000      -6.3158088
       15.104000      -6.3478060
       15.115000      -6.3904584
       15.126000      -6.4326660
       15.137000      -6.4651556
       15.148000      -6.4981733
       15.159000      -6.5317344
       15.170000      -6.5658548
       15.181000      -6.6005509
       15.192000      -6.6358398
       15.203000      -6.6717391
       15.214000      -6.7082671
       15.225000      -6.7464955
       15.236000      -6.7948811
       15.247000      -6.8417943
       15.258000      -6.8796389
       15.269000      -6.9181436
       15.280000      -6.9573280
       15.291000      -6.9972124
       15.302000      -7.0378179
       15.313000      -7.0791662
       15.324000      -7.1212799
       15.335000      -7.1641826
       15.346000      -7.2099978
       15.357000      -7.2653722
       15.368000      -7.3181752
       15.379000      -7.3626598
       15.390000      -7.4079719
       15.401000      -7.4541365
       15.412000      -7.5011797
       15.423000      -7.5491285
       15.434000      -7.5980109
       15.445000      -7.6478559
       15.456000      -7.6986939
       15.467000      -7.7537911
       15.478000      -7.8177229
       15.489000      -7.8865103
