7.000000000000000000e+00 -7.305577919693437838e-01
7.050505050505050164e+00 -7.537613101648886760e-01
7.101010101010101216e+00 -7.771463583805512387e-01
7.151515151515151381e+00 -8.009535203828224148e-01
7.202020202020202433e+00 -8.247935917571606046e-01
7.252525252525252597e+00 -8.490170276472579491e-01
7.303030303030302761e+00 -8.733094188243056832e-01
7.353535353535353813e+00 -8.967891884435641447e-01
7.404040404040403978e+00 -9.206494522382333567e-01
7.454545454545454142e+00 -9.442139670397693418e-01
7.505050505050505194e+00 -9.675646369282999704e-01
7.555555555555555358e+00 -9.913896712781496978e-01
7.606060606060606410e+00 -1.015000899084028241e+00
7.656565656565656575e+00 -1.038392028940865908e+00
7.707070707070706739e+00 -1.061729930719032877e+00
7.757575757575757791e+00 -1.085354459888155487e+00
7.808080808080807955e+00 -1.109634672247654663e+00
7.858585858585858119e+00 -1.134047194070620712e+00
7.909090909090909172e+00 -1.158459482123556317e+00
7.959595959595959336e+00 -1.182892915058143979e+00
8.010101010101010388e+00 -1.207324496012664561e+00
8.060606060606060552e+00 -1.231173752562886303e+00
8.111111111111110716e+00 -1.256439676807374672e+00
8.161616161616160880e+00 -1.281261905885781927e+00
8.212121212121212821e+00 -1.304668983097924118e+00
8.262626262626262985e+00 -1.328265008169538186e+00
8.313131313131313149e+00 -1.352403077394769726e+00
8.363636363636363313e+00 -1.375477400922411775e+00
8.414141414141413478e+00 -1.399408043276485270e+00
8.464646464646463642e+00 -1.424549359955879835e+00
8.515151515151515582e+00 -1.447987386567517687e+00
8.565656565656565746e+00 -1.472049438002484889e+00
8.616161616161615910e+00 -1.496059108098985568e+00
8.666666666666666075e+00 -1.520077242702678966e+00
8.717171717171716239e+00 -1.544214845956477955e+00
8.767676767676768179e+00 -1.567607658139563265e+00
8.818181818181818343e+00 -1.591201859589626455e+00
8.868686868686868507e+00 -1.615183009960094784e+00
8.919191919191918672e+00 -1.638832453407727652e+00
8.969696969696968836e+00 -1.661986884016378285e+00
9.020202020202020776e+00 -1.685015378607563452e+00
9.070707070707070940e+00 -1.708391806574303118e+00
9.121212121212121104e+00 -1.731883711332407483e+00
9.171717171717171269e+00 -1.754495898444229374e+00
9.222222222222221433e+00 -1.778505618971852220e+00
9.272727272727273373e+00 -1.802142828530874485e+00
9.323232323232323537e+00 -1.824922148820899093e+00
9.373737373737373701e+00 -1.847985209222524405e+00
9.424242424242423866e+00 -1.869787180118317904e+00
9.474747474747474030e+00 -1.891582879893145774e+00
9.525252525252525970e+00 -1.914226850335012609e+00
9.575757575757576134e+00 -1.936209907078678460e+00
9.626262626262626299e+00 -1.957880904986260662e+00
9.676767676767676463e+00 -1.979559108987080540e+00
9.727272727272726627e+00 -2.000507947677369280e+00
9.777777777777778567e+00 -2.019608857150321679e+00
9.828282828282828731e+00 -2.038345284477100172e+00
9.878787878787878896e+00 -2.056660545617964964e+00
9.929292929292929060e+00 -2.075302645188263018e+00
9.979797979797979224e+00 -2.095809812818843820e+00
1.003030303030303116e+01 -2.113141907489899829e+00
1.008080808080808133e+01 -2.129178163955380398e+00
1.013131313131313149e+01 -2.145761972783226224e+00
1.018181818181818166e+01 -2.160836406636255536e+00
1.023232323232323182e+01 -2.175916207178067552e+00
1.028282828282828376e+01 -2.190233695294481198e+00
1.033333333333333393e+01 -2.205433112068880153e+00
1.038383838383838409e+01 -2.220610631937872004e+00
1.043434343434343425e+01 -2.235721291632624119e+00
1.048484848484848442e+01 -2.251887312649382356e+00
1.053535353535353636e+01 -2.268282847352338205e+00
1.058585858585858475e+01 -2.285915047950953571e+00
1.063636363636363669e+01 -2.305209489220930497e+00
1.068686868686868685e+01 -2.327175607810980651e+00
1.073737373737373701e+01 -2.351493873295702031e+00
1.078787878787878718e+01 -2.379990629873738328e+00
1.083838383838383734e+01 -2.411622233683041738e+00
1.088888888888888928e+01 -2.448556652873028039e+00
1.093939393939393945e+01 -2.492197060474818038e+00
1.098989898989898961e+01 -2.542042294076904518e+00
1.104040404040404155e+01 -2.600335615476780937e+00
1.109090909090908994e+01 -2.667708162014842177e+00
1.114141414141414188e+01 -2.746752067060425073e+00
1.119191919191919204e+01 -2.837596671810659998e+00
1.124242424242424221e+01 -2.942332222075835002e+00
1.129292929292929415e+01 -3.063593929729061305e+00
1.134343434343434254e+01 -3.202448592842782382e+00
1.139393939393939448e+01 -3.361342463602644326e+00
1.144444444444444464e+01 -3.544069300136360567e+00
1.149494949494949481e+01 -3.752731038311169609e+00
1.154545454545454497e+01 -3.992823369169634429e+00
1.159595959595959513e+01 -4.264228706503207178e+00
1.164646464646464707e+01 -4.574174608579983925e+00
1.169696969696969724e+01 -4.926602896846488555e+00
1.174747474747474740e+01 -5.325508060811769973e+00
1.179797979797979757e+01 -5.778980228965879817e+00
1.184848484848484773e+01 -6.292264316627155907e+00
1.189898989898989967e+01 -6.869484340534686595e+00
1.194949494949494984e+01 -7.519951041325960261e+00
1.200000000000000000e+01 -8.259799844073294040e+00
