  0.1000E-05   0.3683E+03   0.7350E+03  17.572   0.5139E+01   0.2087E+00   0.005
  0.1042E-05   0.3550E+03   0.7096E+03  17.747   0.5184E+01   0.2074E+00   0.004
  0.1086E-05   0.3423E+03   0.6840E+03  17.953   0.5220E+01   0.2060E+00   0.004
  0.1132E-05   0.3300E+03   0.6587E+03  18.178   0.5265E+01   0.2047E+00   0.003
  0.1180E-05   0.3181E+03   0.6357E+03  18.416   0.5310E+01   0.2031E+00   0.003
  0.1230E-05   0.3067E+03   0.6125E+03  18.583   0.5346E+01   0.2019E+00   0.003
  0.1282E-05   0.2956E+03   0.5902E+03  18.830   0.5382E+01   0.2008E+00   0.002
  0.1337E-05   0.2850E+03   0.5694E+03  19.066   0.5427E+01   0.1994E+00   0.002
  0.1393E-05   0.2748E+03   0.5484E+03  19.240   0.5463E+01   0.1985E+00   0.002
  0.1452E-05   0.2649E+03   0.5288E+03  19.452   0.5499E+01   0.1972E+00   0.001
  0.1514E-05   0.2554E+03   0.5099E+03  19.671   0.5544E+01   0.1961E+00   0.001
  0.1578E-05   0.2462E+03   0.4908E+03  19.841   0.5571E+01   0.1950E+00   0.001
  0.1644E-05   0.2374E+03   0.4736E+03  20.094   0.5616E+01   0.1938E+00   0.001
  0.1714E-05   0.2288E+03   0.4565E+03  20.281   0.5652E+01   0.1928E+00   0.001
  0.1786E-05   0.2206E+03   0.4395E+03  20.473   0.5688E+01   0.1918E+00   0.001
  0.1862E-05   0.2127E+03   0.4243E+03  20.671   0.5724E+01   0.1908E+00   0.001
  0.1941E-05   0.2051E+03   0.4089E+03  20.898   0.5760E+01   0.1898E+00   0.001
  0.2023E-05   0.1977E+03   0.3939E+03  21.127   0.5796E+01   0.1887E+00   0.001
  0.2109E-05   0.1906E+03   0.3799E+03  21.302   0.5823E+01   0.1879E+00   0.001
  0.2198E-05   0.1838E+03   0.3658E+03  21.462   0.5850E+01   0.1871E+00   0.000
  0.2291E-05   0.1772E+03   0.3527E+03  21.744   0.5895E+01   0.1861E+00   0.000
  0.2388E-05   0.1708E+03   0.3402E+03  21.869   0.5922E+01   0.1852E+00   0.000
  0.2489E-05   0.1647E+03   0.3276E+03  22.160   0.5967E+01   0.1842E+00   0.000
  0.2594E-05   0.1588E+03   0.3161E+03  22.359   0.5994E+01   0.1833E+00   0.000
  0.2704E-05   0.1531E+03   0.3049E+03  22.578   0.6030E+01   0.1825E+00   0.000
  0.2818E-05   0.1476E+03   0.2935E+03  22.778   0.6066E+01   0.1816E+00   0.000
  0.2938E-05   0.1424E+03   0.2833E+03  22.919   0.6084E+01   0.1810E+00   0.000
  0.3062E-05   0.1373E+03   0.2730E+03  23.152   0.6120E+01   0.1802E+00   0.000
  0.3192E-05   0.1323E+03   0.2629E+03  23.366   0.6156E+01   0.1793E+00   0.000
  0.3327E-05   0.1276E+03   0.2538E+03  23.514   0.6174E+01   0.1787E+00   0.000
  0.3467E-05   0.1230E+03   0.2445E+03  23.811   0.6210E+01   0.1778E+00   0.000
  0.3614E-05   0.1186E+03   0.2356E+03  23.961   0.6237E+01   0.1772E+00   0.000
  0.3767E-05   0.1144E+03   0.2273E+03  24.169   0.6273E+01   0.1762E+00   0.000
  0.3926E-05   0.1103E+03   0.2190E+03  24.327   0.6300E+01   0.1756E+00   0.000
  0.4093E-05   0.1064E+03   0.2112E+03  24.565   0.6327E+01   0.1750E+00   0.000
  0.4266E-05   0.1026E+03   0.2037E+03  24.706   0.6354E+01   0.1743E+00   0.000
  0.4446E-05   0.9890E+02   0.1961E+03  25.033   0.6399E+01   0.1734E+00   0.000
  0.4634E-05   0.9537E+02   0.1893E+03  25.180   0.6426E+01   0.1727E+00   0.000
  0.4831E-05   0.9196E+02   0.1825E+03  25.430   0.6453E+01   0.1721E+00   0.000
  0.5035E-05   0.8868E+02   0.1757E+03  25.664   0.6480E+01   0.1714E+00   0.000
  0.5248E-05   0.8552E+02   0.1696E+03  25.733   0.6498E+01   0.1710E+00   0.000
  0.5470E-05   0.8247E+02   0.1634E+03  25.992   0.6525E+01   0.1704E+00   0.000
  0.5702E-05   0.7952E+02   0.1575E+03  26.239   0.6561E+01   0.1697E+00   0.000
  0.5943E-05   0.7669E+02   0.1520E+03  26.486   0.6588E+01   0.1690E+00   0.000
  0.6194E-05   0.7395E+02   0.1464E+03  26.565   0.6615E+01   0.1686E+00   0.000
  0.6457E-05   0.7132E+02   0.1412E+03  26.817   0.6642E+01   0.1679E+00   0.000
  0.6730E-05   0.6878E+02   0.1362E+03  27.074   0.6669E+01   0.1672E+00   0.000
  0.7015E-05   0.6633E+02   0.1312E+03  27.153   0.6687E+01   0.1668E+00   0.000
  0.7311E-05   0.6397E+02   0.1266E+03  27.400   0.6723E+01   0.1660E+00   0.000
  0.7621E-05   0.6169E+02   0.1221E+03  27.568   0.6741E+01   0.1656E+00   0.000
  0.7943E-05   0.5949E+02   0.1175E+03  27.861   0.6777E+01   0.1649E+00   0.000
  0.8279E-05   0.5738E+02   0.1135E+03  28.016   0.6795E+01   0.1645E+00   0.000
  0.8630E-05   0.5533E+02   0.1094E+03  28.190   0.6813E+01   0.1641E+00   0.000
  0.8995E-05   0.5337E+02   0.1054E+03  28.464   0.6858E+01   0.1633E+00   0.000
  0.9376E-05   0.5147E+02   0.1017E+03  28.643   0.6876E+01   0.1629E+00   0.000
  0.9772E-05   0.4964E+02   0.9804E+02  28.823   0.6894E+01   0.1625E+00   0.000
  0.1019E-04   0.4787E+02   0.9451E+02  28.904   0.6921E+01   0.1620E+00   0.000
  0.1062E-04   0.4617E+02   0.9120E+02  29.583   0.6957E+01   0.1612E+00   0.000
  0.1107E-04   0.4453E+02   0.8785E+02  29.509   0.6975E+01   0.1608E+00   0.000
  0.1153E-04   0.4295E+02   0.8475E+02  29.509   0.6975E+01   0.1608E+00   0.000
  0.1202E-04   0.4142E+02   0.8175E+02  29.583   0.6957E+01   0.1612E+00   0.000
  0.1253E-04   0.3995E+02   0.7872E+02  29.098   0.6948E+01   0.1615E+00   0.000
  0.1306E-04   0.3854E+02   0.7600E+02  29.088   0.6939E+01   0.1616E+00   0.000
  0.1361E-04   0.3717E+02   0.7329E+02  28.896   0.6912E+01   0.1620E+00   0.000
  0.1419E-04   0.3585E+02   0.7059E+02  28.896   0.6912E+01   0.1620E+00   0.000
  0.1479E-04   0.3458E+02   0.6816E+02  28.823   0.6894E+01   0.1625E+00   0.000
  0.1542E-04   0.3335E+02   0.6570E+02  28.643   0.6876E+01   0.1629E+00   0.000
  0.1607E-04   0.3217E+02   0.6332E+02  28.643   0.6876E+01   0.1629E+00   0.000
  0.1675E-04   0.3103E+02   0.6112E+02  28.464   0.6858E+01   0.1633E+00   0.000
  0.1746E-04   0.2993E+02   0.5889E+02  28.464   0.6858E+01   0.1633E+00   0.000
  0.1820E-04   0.2887E+02   0.5679E+02  28.278   0.6831E+01   0.1637E+00   0.000
  0.1897E-04   0.2785E+02   0.5480E+02  28.190   0.6813E+01   0.1641E+00   0.000
  0.1977E-04   0.2686E+02   0.5279E+02  28.024   0.6804E+01   0.1644E+00   0.000
  0.2061E-04   0.2591E+02   0.5095E+02  28.016   0.6795E+01   0.1645E+00   0.000
  0.2148E-04   0.2499E+02   0.4915E+02  27.861   0.6777E+01   0.1649E+00   0.000
  0.2239E-04   0.2411E+02   0.4733E+02  27.760   0.6759E+01   0.1653E+00   0.000
  0.2333E-04   0.2326E+02   0.4571E+02  27.760   0.6759E+01   0.1653E+00   0.000
  0.2432E-04   0.2243E+02   0.4407E+02  27.568   0.6741E+01   0.1656E+00   0.000
  0.2535E-04   0.2164E+02   0.4246E+02  27.400   0.6723E+01   0.1660E+00   0.000
  0.2642E-04   0.2087E+02   0.4100E+02  27.400   0.6723E+01   0.1660E+00   0.000
  0.2754E-04   0.2014E+02   0.3952E+02  27.234   0.6705E+01   0.1664E+00   0.000
  0.2871E-04   0.1943E+02   0.3811E+02  27.153   0.6687E+01   0.1668E+00   0.000
  0.2992E-04   0.1874E+02   0.3678E+02  27.074   0.6669E+01   0.1672E+00   0.000
  0.3119E-04   0.1808E+02   0.3544E+02  27.074   0.6669E+01   0.1672E+00   0.000
  0.3251E-04   0.1744E+02   0.3419E+02  26.895   0.6660E+01   0.1675E+00   0.000
  0.3388E-04   0.1682E+02   0.3299E+02  26.817   0.6642E+01   0.1679E+00   0.000
  0.3532E-04   0.1623E+02   0.3178E+02  26.636   0.6624E+01   0.1682E+00   0.000
  0.3681E-04   0.1566E+02   0.3069E+02  26.565   0.6615E+01   0.1686E+00   0.000
  0.3837E-04   0.1511E+02   0.2960E+02  26.560   0.6606E+01   0.1686E+00   0.000
  0.3999E-04   0.1457E+02   0.2851E+02  26.486   0.6588E+01   0.1690E+00   0.000
  0.4169E-04   0.1406E+02   0.2753E+02  26.312   0.6579E+01   0.1693E+00   0.000
  0.4345E-04   0.1356E+02   0.2655E+02  26.239   0.6561E+01   0.1697E+00   0.000
  0.4529E-04   0.1309E+02   0.2559E+02  26.239   0.6561E+01   0.1697E+00   0.000
  0.4721E-04   0.1263E+02   0.2471E+02  26.064   0.6543E+01   0.1700E+00   0.000
  0.4920E-04   0.1218E+02   0.2381E+02  25.992   0.6525E+01   0.1704E+00   0.000
  0.5129E-04   0.1175E+02   0.2297E+02  25.904   0.6516E+01   0.1707E+00   0.000
  0.5346E-04   0.1134E+02   0.2217E+02  25.733   0.6498E+01   0.1710E+00   0.000
  0.5572E-04   0.1094E+02   0.2136E+02  25.664   0.6480E+01   0.1714E+00   0.000
  0.5808E-04   0.1056E+02   0.2062E+02  25.664   0.6480E+01   0.1714E+00   0.000
  0.6053E-04   0.1018E+02   0.1990E+02  25.498   0.6471E+01   0.1717E+00   0.000
  0.6310E-04   0.9826E+01   0.1916E+02  25.430   0.6453E+01   0.1721E+00   0.000
  0.6577E-04   0.9481E+01   0.1851E+02  25.344   0.6435E+01   0.1724E+00   0.000
  0.6855E-04   0.9148E+01   0.1785E+02  25.344   0.6435E+01   0.1724E+00   0.000
  0.7145E-04   0.8826E+01   0.1721E+02  25.180   0.6426E+01   0.1727E+00   0.000
  0.7447E-04   0.8517E+01   0.1662E+02  25.114   0.6408E+01   0.1731E+00   0.000
  0.7762E-04   0.8218E+01   0.1602E+02  25.033   0.6399E+01   0.1734E+00   0.000
  0.8091E-04   0.7929E+01   0.1545E+02  24.869   0.6381E+01   0.1737E+00   0.000
  0.8433E-04   0.7651E+01   0.1492E+02  24.786   0.6372E+01   0.1740E+00   0.000
  0.8790E-04   0.7383E+01   0.1438E+02  24.706   0.6354E+01   0.1743E+00   0.000
  0.9162E-04   0.7124E+01   0.1387E+02  24.644   0.6345E+01   0.1747E+00   0.000
  0.9550E-04   0.6874E+01   0.1339E+02  24.565   0.6327E+01   0.1750E+00   0.000
  0.9954E-04   0.6633E+01   0.1290E+02  24.406   0.6318E+01   0.1753E+00   0.000
  0.1038E-03   0.6401E+01   0.1246E+02  24.327   0.6300E+01   0.1756E+00   0.000
  0.1081E-03   0.6177E+01   0.1202E+02  24.248   0.6291E+01   0.1759E+00   0.000
  0.1127E-03   0.5960E+01   0.1158E+02  24.169   0.6273E+01   0.1762E+00   0.000
  0.1175E-03   0.5752E+01   0.1119E+02  24.094   0.6264E+01   0.1765E+00   0.000
  0.1225E-03   0.5551E+01   0.1079E+02  24.035   0.6255E+01   0.1769E+00   0.000
  0.1276E-03   0.5356E+01   0.1040E+02  23.961   0.6237E+01   0.1772E+00   0.000
  0.1330E-03   0.5169E+01   0.1005E+02  23.885   0.6228E+01   0.1775E+00   0.000
  0.1387E-03   0.4988E+01   0.9685E+01  23.811   0.6210E+01   0.1778E+00   0.000
  0.1445E-03   0.4814E+01   0.9345E+01  23.735   0.6201E+01   0.1781E+00   0.000
  0.1507E-03   0.4646E+01   0.9022E+01  23.585   0.6192E+01   0.1784E+00   0.000
  0.1570E-03   0.4483E+01   0.8695E+01  23.514   0.6174E+01   0.1787E+00   0.000
  0.1637E-03   0.4327E+01   0.8395E+01  23.440   0.6165E+01   0.1790E+00   0.000
  0.1706E-03   0.4176E+01   0.8102E+01  23.366   0.6156E+01   0.1793E+00   0.000
  0.1778E-03   0.4030E+01   0.7805E+01  23.297   0.6138E+01   0.1796E+00   0.000
  0.1854E-03   0.3889E+01   0.7542E+01  23.224   0.6129E+01   0.1799E+00   0.000
  0.1932E-03   0.3754E+01   0.7275E+01  23.152   0.6120E+01   0.1802E+00   0.000
  0.2014E-03   0.3623E+01   0.7013E+01  22.990   0.6093E+01   0.1807E+00   0.000
  0.2099E-03   0.3496E+01   0.6774E+01  22.919   0.6084E+01   0.1810E+00   0.000
  0.2188E-03   0.3374E+01   0.6533E+01  22.848   0.6075E+01   0.1813E+00   0.000
  0.2280E-03   0.3257E+01   0.6302E+01  22.778   0.6066E+01   0.1816E+00   0.000
  0.2377E-03   0.3143E+01   0.6086E+01  22.715   0.6048E+01   0.1819E+00   0.000
  0.2477E-03   0.3034E+01   0.5867E+01  22.646   0.6039E+01   0.1822E+00   0.000
  0.2582E-03   0.2928E+01   0.5663E+01  22.578   0.6030E+01   0.1825E+00   0.000
  0.2692E-03   0.2826E+01   0.5467E+01  22.509   0.6021E+01   0.1828E+00   0.000
  0.2805E-03   0.2728E+01   0.5268E+01  22.359   0.5994E+01   0.1833E+00   0.000
  0.2924E-03   0.2633E+01   0.5089E+01  22.292   0.5985E+01   0.1836E+00   0.000
  0.3048E-03   0.2541E+01   0.4911E+01  22.226   0.5976E+01   0.1839E+00   0.000
  0.3177E-03   0.2453E+01   0.4734E+01  22.160   0.5967E+01   0.1842E+00   0.000
  0.3311E-03   0.2368E+01   0.4574E+01  22.072   0.5958E+01   0.1844E+00   0.000
  0.3451E-03   0.2286E+01   0.4412E+01  22.016   0.5940E+01   0.1847E+00   0.000
  0.3597E-03   0.2206E+01   0.4255E+01  21.869   0.5922E+01   0.1852E+00   0.000
  0.3750E-03   0.2130E+01   0.4110E+01  21.837   0.5913E+01   0.1855E+00   0.000
  0.3908E-03   0.2056E+01   0.3964E+01  21.806   0.5904E+01   0.1858E+00   0.000
  0.4074E-03   0.1984E+01   0.3825E+01  21.744   0.5895E+01   0.1861E+00   0.000
  0.4246E-03   0.1915E+01   0.3694E+01  21.595   0.5877E+01   0.1866E+00   0.000
  0.4426E-03   0.1849E+01   0.3561E+01  21.523   0.5859E+01   0.1868E+00   0.000
  0.4613E-03   0.1785E+01   0.3439E+01  21.462   0.5850E+01   0.1871E+00   0.000
  0.4808E-03   0.1723E+01   0.3319E+01  21.402   0.5841E+01   0.1874E+00   0.000
  0.5012E-03   0.1663E+01   0.3199E+01  21.302   0.5823E+01   0.1879E+00   0.001
  0.5224E-03   0.1606E+01   0.3091E+01  21.266   0.5814E+01   0.1882E+00   0.001
  0.5445E-03   0.1550E+01   0.2983E+01  21.207   0.5805E+01   0.1885E+00   0.001
  0.5675E-03   0.1496E+01   0.2877E+01  21.068   0.5787E+01   0.1890E+00   0.001
  0.5916E-03   0.1444E+01   0.2779E+01  21.010   0.5778E+01   0.1893E+00   0.001
  0.6166E-03   0.1394E+01   0.2681E+01  20.933   0.5769E+01   0.1895E+00   0.001
  0.6427E-03   0.1346E+01   0.2587E+01  20.861   0.5751E+01   0.1900E+00   0.001
  0.6699E-03   0.1300E+01   0.2499E+01  20.804   0.5742E+01   0.1903E+00   0.001
  0.6982E-03   0.1255E+01   0.2409E+01  20.748   0.5733E+01   0.1906E+00   0.001
  0.7278E-03   0.1211E+01   0.2326E+01  20.615   0.5715E+01   0.1911E+00   0.001
  0.7586E-03   0.1169E+01   0.2246E+01  20.580   0.5706E+01   0.1913E+00   0.001
  0.7907E-03   0.1129E+01   0.2165E+01  20.473   0.5688E+01   0.1918E+00   0.001
  0.8241E-03   0.1090E+01   0.2092E+01  20.419   0.5679E+01   0.1921E+00   0.001
  0.8590E-03   0.1052E+01   0.2019E+01  20.348   0.5670E+01   0.1923E+00   0.001
  0.8954E-03   0.1016E+01   0.1947E+01  20.281   0.5652E+01   0.1928E+00   0.001
  0.9333E-03   0.9809E+00   0.1882E+01  20.228   0.5643E+01   0.1931E+00   0.001
  0.9727E-03   0.9470E+00   0.1816E+01  20.127   0.5625E+01   0.1936E+00   0.001
  0.1014E-02   0.9144E+00   0.1752E+01  20.094   0.5616E+01   0.1938E+00   0.001
  0.1057E-02   0.8828E+00   0.1692E+01  19.973   0.5598E+01   0.1943E+00   0.001
  0.1102E-02   0.8524E+00   0.1632E+01  19.942   0.5589E+01   0.1946E+00   0.001
  0.1148E-02   0.8230E+00   0.1576E+01  19.841   0.5571E+01   0.1950E+00   0.001
  0.1197E-02   0.7946E+00   0.1522E+01  19.793   0.5562E+01   0.1953E+00   0.001
  0.1247E-02   0.7672E+00   0.1468E+01  19.719   0.5553E+01   0.1958E+00   0.001
  0.1300E-02   0.7408E+00   0.1418E+01  19.671   0.5544E+01   0.1961E+00   0.001
  0.1355E-02   0.7153E+00   0.1369E+01  19.573   0.5526E+01   0.1965E+00   0.001
  0.1413E-02   0.6907E+00   0.1319E+01  19.545   0.5517E+01   0.1968E+00   0.001
  0.1472E-02   0.6669E+00   0.1275E+01  19.452   0.5499E+01   0.1972E+00   0.001
  0.1535E-02   0.6440E+00   0.1231E+01  19.360   0.5481E+01   0.1977E+00   0.002
  0.1600E-02   0.6218E+00   0.1187E+01  19.360   0.5481E+01   0.1977E+00   0.002
  0.1667E-02   0.6004E+00   0.1147E+01  19.240   0.5463E+01   0.1985E+00   0.002
  0.1738E-02   0.5798E+00   0.1107E+01  19.180   0.5454E+01   0.1987E+00   0.002
  0.1811E-02   0.5598E+00   0.1069E+01  19.110   0.5436E+01   0.1991E+00   0.002
  0.1888E-02   0.5406E+00   0.1032E+01  19.066   0.5427E+01   0.1994E+00   0.002
  0.1968E-02   0.5220E+00   0.9958E+00  18.956   0.5418E+01   0.1999E+00   0.002
  0.2051E-02   0.5041E+00   0.9618E+00  18.911   0.5400E+01   0.2003E+00   0.002
  0.2138E-02   0.4868E+00   0.9289E+00  18.830   0.5382E+01   0.2008E+00   0.002
  0.2228E-02   0.4701E+00   0.8957E+00  18.830   0.5382E+01   0.2008E+00   0.002
  0.2323E-02   0.4539E+00   0.8656E+00  18.701   0.5364E+01   0.2015E+00   0.002
  0.2421E-02   0.4384E+00   0.8358E+00  18.583   0.5346E+01   0.2019E+00   0.003
  0.2523E-02   0.4233E+00   0.8060E+00  18.583   0.5346E+01   0.2019E+00   0.003
  0.2630E-02   0.4088E+00   0.7791E+00  18.503   0.5328E+01   0.2027E+00   0.003
  0.2742E-02   0.3948E+00   0.7520E+00  18.416   0.5310E+01   0.2031E+00   0.003
  0.2858E-02   0.3813E+00   0.7256E+00  18.416   0.5310E+01   0.2031E+00   0.003
  0.2979E-02   0.3682E+00   0.7012E+00  18.324   0.5292E+01   0.2038E+00   0.003
  0.3105E-02   0.3556E+00   0.6766E+00  18.238   0.5274E+01   0.2042E+00   0.003
  0.3236E-02   0.3434E+00   0.6533E+00  18.178   0.5265E+01   0.2047E+00   0.003
  0.3373E-02   0.3316E+00   0.6312E+00  18.067   0.5247E+01   0.2051E+00   0.004
  0.3516E-02   0.3203E+00   0.6088E+00  18.067   0.5247E+01   0.2051E+00   0.004
  0.3664E-02   0.3093E+00   0.5882E+00  18.001   0.5229E+01   0.2058E+00   0.004
  0.3819E-02   0.2987E+00   0.5681E+00  17.953   0.5220E+01   0.2060E+00   0.004
  0.3981E-02   0.2885E+00   0.5478E+00  17.868   0.5202E+01   0.2067E+00   0.004
  0.4150E-02   0.2786E+00   0.5296E+00  17.787   0.5193E+01   0.2069E+00   0.004
  0.4325E-02   0.2691E+00   0.5113E+00  17.728   0.5175E+01   0.2076E+00   0.004
  0.4508E-02   0.2599E+00   0.4933E+00  17.677   0.5166E+01   0.2078E+00   0.005
  0.4699E-02   0.2510E+00   0.4769E+00  17.622   0.5157E+01   0.2083E+00   0.005
  0.4898E-02   0.2424E+00   0.4603E+00  17.572   0.5139E+01   0.2087E+00   0.005
  0.5105E-02   0.2342E+00   0.4443E+00  17.516   0.5130E+01   0.2092E+00   0.005
  0.5321E-02   0.2262E+00   0.4294E+00  17.472   0.5121E+01   0.2094E+00   0.005
  0.5546E-02   0.2184E+00   0.4143E+00  17.373   0.5103E+01   0.2100E+00   0.006
  0.5781E-02   0.2110E+00   0.4002E+00  17.349   0.5094E+01   0.2102E+00   0.006
  0.6026E-02   0.2038E+00   0.3866E+00  17.251   0.5076E+01   0.2109E+00   0.006
  0.6281E-02   0.1968E+00   0.3729E+00  17.173   0.5067E+01   0.2113E+00   0.006
  0.6546E-02   0.1901E+00   0.3605E+00  17.132   0.5058E+01   0.2115E+00   0.007
  0.6823E-02   0.1836E+00   0.3481E+00  17.082   0.5040E+01   0.2122E+00   0.007
  0.7112E-02   0.1773E+00   0.3358E+00  17.031   0.5031E+01   0.2127E+00   0.007
  0.7413E-02   0.1713E+00   0.3247E+00  16.971   0.5022E+01   0.2128E+00   0.007
  0.7727E-02   0.1654E+00   0.3135E+00  16.878   0.5004E+01   0.2135E+00   0.008
  0.8054E-02   0.1598E+00   0.3026E+00  16.828   0.4995E+01   0.2139E+00   0.008
  0.8395E-02   0.1544E+00   0.2925E+00  16.815   0.4986E+01   0.2141E+00   0.008
  0.8750E-02   0.1491E+00   0.2823E+00  16.707   0.4968E+01   0.2147E+00   0.009
  0.9120E-02   0.1440E+00   0.2726E+00  16.601   0.4950E+01   0.2153E+00   0.009
  0.9506E-02   0.1391E+00   0.2634E+00  16.567   0.4941E+01   0.2158E+00   0.010
  0.9908E-02   0.1344E+00   0.2542E+00  16.555   0.4932E+01   0.2160E+00   0.010
  0.1033E-01   0.1298E+00   0.2456E+00  16.502   0.4914E+01   0.2166E+00   0.010
  0.1076E-01   0.1254E+00   0.2373E+00  16.395   0.4905E+01   0.2170E+00   0.011
  0.1122E-01   0.1211E+00   0.2289E+00  16.342   0.4887E+01   0.2176E+00   0.011
  0.1169E-01   0.1170E+00   0.2213E+00  16.342   0.4887E+01   0.2176E+00   0.011
  0.1219E-01   0.1130E+00   0.2137E+00  16.240   0.4869E+01   0.2182E+00   0.012
  0.1271E-01   0.1091E+00   0.2063E+00  16.194   0.4860E+01   0.2187E+00   0.013
  0.1324E-01   0.1054E+00   0.1994E+00  16.145   0.4842E+01   0.2193E+00   0.013
  0.1380E-01   0.1018E+00   0.1925E+00  16.089   0.4833E+01   0.2197E+00   0.014
  0.1439E-01   0.9838E-01   0.1859E+00  15.991   0.4815E+01   0.2203E+00   0.015
  0.1500E-01   0.9503E-01   0.1797E+00  15.946   0.4806E+01   0.2208E+00   0.015
  0.1563E-01   0.9180E-01   0.1734E+00  15.890   0.4788E+01   0.2213E+00   0.016
  0.1629E-01   0.8868E-01   0.1676E+00  15.846   0.4779E+01   0.2218E+00   0.016
  0.1698E-01   0.8566E-01   0.1619E+00  15.803   0.4770E+01   0.2222E+00   0.017
  0.1770E-01   0.8275E-01   0.1562E+00  15.748   0.4752E+01   0.2228E+00   0.018
  0.1845E-01   0.7993E-01   0.1510E+00  15.656   0.4743E+01   0.2232E+00   0.019
  0.1923E-01   0.7721E-01   0.1459E+00  15.644   0.4734E+01   0.2233E+00   0.019
  0.2004E-01   0.7459E-01   0.1408E+00  15.551   0.4716E+01   0.2242E+00   0.020
  0.2089E-01   0.7205E-01   0.1361E+00  15.499   0.4707E+01   0.2246E+00   0.021
  0.2178E-01   0.6960E-01   0.1315E+00  15.448   0.4689E+01   0.2251E+00   0.022
  0.2270E-01   0.6724E-01   0.1269E+00  15.407   0.4680E+01   0.2256E+00   0.023
  0.2366E-01   0.6495E-01   0.1227E+00  15.357   0.4671E+01   0.2260E+00   0.024
  0.2466E-01   0.6274E-01   0.1185E+00  15.307   0.4653E+01   0.2265E+00   0.025
  0.2570E-01   0.6061E-01   0.1144E+00  15.257   0.4644E+01   0.2269E+00   0.026
  0.2679E-01   0.5855E-01   0.1106E+00  15.208   0.4635E+01   0.2273E+00   0.027
  0.2793E-01   0.5656E-01   0.1067E+00  15.159   0.4626E+01   0.2277E+00   0.028
  0.2911E-01   0.5464E-01   0.1032E+00  15.073   0.4608E+01   0.2286E+00   0.030
  0.3034E-01   0.5278E-01   0.9969E-01  15.026   0.4590E+01   0.2291E+00   0.031
  0.3162E-01   0.5099E-01   0.9618E-01  14.980   0.4581E+01   0.2295E+00   0.032
  0.3296E-01   0.4926E-01   0.9303E-01  14.933   0.4572E+01   0.2299E+00   0.033
  0.3436E-01   0.4758E-01   0.8986E-01  14.886   0.4563E+01   0.2303E+00   0.034
  0.3581E-01   0.4596E-01   0.8674E-01  14.837   0.4545E+01   0.2311E+00   0.036
  0.3733E-01   0.4440E-01   0.8388E-01  14.783   0.4536E+01   0.2314E+00   0.037
  0.3890E-01   0.4289E-01   0.8099E-01  14.738   0.4527E+01   0.2318E+00   0.039
  0.4055E-01   0.4144E-01   0.7823E-01  14.648   0.4509E+01   0.2326E+00   0.041
  0.4227E-01   0.4003E-01   0.7562E-01  14.604   0.4500E+01   0.2330E+00   0.043
  0.4406E-01   0.3867E-01   0.7300E-01  14.582   0.4491E+01   0.2334E+00   0.044
  0.4592E-01   0.3735E-01   0.7055E-01  14.518   0.4473E+01   0.2342E+00   0.046
  0.4786E-01   0.3608E-01   0.6818E-01  14.464   0.4464E+01   0.2345E+00   0.048
  0.4989E-01   0.3486E-01   0.6579E-01  14.401   0.4446E+01   0.2353E+00   0.051
  0.5200E-01   0.3367E-01   0.6363E-01  14.379   0.4437E+01   0.2357E+00   0.051
  0.5420E-01   0.3253E-01   0.6147E-01  14.328   0.4428E+01   0.2360E+00   0.054
  0.5649E-01   0.3142E-01   0.5933E-01  14.264   0.4410E+01   0.2368E+00   0.057
  0.5888E-01   0.3035E-01   0.5738E-01  14.239   0.4401E+01   0.2371E+00   0.058
  0.6138E-01   0.2932E-01   0.5542E-01  14.158   0.4383E+01   0.2379E+00   0.062
  0.6397E-01   0.2832E-01   0.5352E-01  14.133   0.4374E+01   0.2382E+00   0.063
  0.6668E-01   0.2736E-01   0.5175E-01  14.111   0.4365E+01   0.2386E+00   0.064
  0.6950E-01   0.2643E-01   0.4996E-01  14.002   0.4347E+01   0.2396E+00   0.070
  0.7244E-01   0.2553E-01   0.4828E-01  13.980   0.4338E+01   0.2400E+00   0.072
  0.7551E-01   0.2466E-01   0.4666E-01  13.912   0.4320E+01   0.2407E+00   0.076
  0.7870E-01   0.2382E-01   0.4504E-01  13.847   0.4311E+01   0.2410E+00   0.080
  0.8204E-01   0.2301E-01   0.4355E-01  13.818   0.4302E+01   0.2417E+00   0.082
  0.8551E-01   0.2222E-01   0.4208E-01  13.758   0.4284E+01   0.2423E+00   0.087
  0.8913E-01   0.2147E-01   0.4060E-01  13.737   0.4275E+01   0.2427E+00   0.088
  0.9290E-01   0.2074E-01   0.3928E-01  13.674   0.4266E+01   0.2430E+00   0.093
  0.9683E-01   0.2003E-01   0.3795E-01  13.632   0.4248E+01   0.2440E+00   0.096
  0.1009E+00   0.1935E-01   0.3664E-01  13.588   0.4239E+01   0.2443E+00   0.100
  0.1052E+00   0.1869E-01   0.3543E-01  13.548   0.4230E+01   0.2450E+00   0.104
  0.1096E+00   0.1805E-01   0.3422E-01  13.482   0.4212E+01   0.2456E+00   0.110
  0.1143E+00   0.1743E-01   0.3305E-01  13.418   0.4203E+01   0.2459E+00   0.116
  0.1191E+00   0.1684E-01   0.3196E-01  13.379   0.4185E+01   0.2469E+00   0.120
  0.1242E+00   0.1626E-01   0.3085E-01  13.336   0.4176E+01   0.2472E+00   0.125
  0.1294E+00   0.1571E-01   0.2982E-01  13.291   0.4167E+01   0.2478E+00   0.130
  0.1349E+00   0.1517E-01   0.2882E-01  13.251   0.4158E+01   0.2481E+00   0.134
  0.1406E+00   0.1465E-01   0.2782E-01  13.213   0.4140E+01   0.2491E+00   0.139
  0.1466E+00   0.1415E-01   0.2690E-01  13.175   0.4131E+01   0.2494E+00   0.144
  0.1528E+00   0.1367E-01   0.2599E-01  13.090   0.4113E+01   0.2503E+00   0.155
  0.1592E+00   0.1320E-01   0.2509E-01  13.061   0.4104E+01   0.2509E+00   0.159
  0.1660E+00   0.1275E-01   0.2427E-01  13.048   0.4095E+01   0.2512E+00   0.161
  0.1730E+00   0.1231E-01   0.2344E-01  12.966   0.4077E+01   0.2521E+00   0.174
  0.1803E+00   0.1189E-01   0.2264E-01  12.926   0.4068E+01   0.2527E+00   0.180
  0.1879E+00   0.1148E-01   0.2189E-01  12.889   0.4059E+01   0.2530E+00   0.186
  0.1959E+00   0.1109E-01   0.2114E-01  12.841   0.4041E+01   0.2538E+00   0.195
  0.2042E+00   0.1071E-01   0.2042E-01  12.799   0.4032E+01   0.2544E+00   0.202
  0.2128E+00   0.1034E-01   0.1974E-01  12.724   0.4014E+01   0.2553E+00   0.217
  0.2218E+00   0.9983E-02   0.1906E-01  12.698   0.4005E+01   0.2559E+00   0.222
  0.2312E+00   0.9640E-02   0.1842E-01  12.687   0.3996E+01   0.2562E+00   0.224
  0.2410E+00   0.9308E-02   0.1780E-01  12.606   0.3978E+01   0.2570E+00   0.242
  0.2512E+00   0.8988E-02   0.1718E-01  12.568   0.3969E+01   0.2576E+00   0.251
  0.2618E+00   0.8679E-02   0.1662E-01  12.488   0.3951E+01   0.2584E+00   0.270
  0.2729E+00   0.8380E-02   0.1606E-01  12.451   0.3942E+01   0.2590E+00   0.280
  0.2844E+00   0.8091E-02   0.1550E-01  12.423   0.3933E+01   0.2595E+00   0.287
  0.2965E+00   0.7811E-02   0.1499E-01  12.368   0.3915E+01   0.2603E+00   0.303
  0.3090E+00   0.7542E-02   0.1448E-01  12.333   0.3906E+01   0.2609E+00   0.313
  0.3221E+00   0.7281E-02   0.1399E-01  12.306   0.3897E+01   0.2614E+00   0.321
  0.3357E+00   0.7029E-02   0.1352E-01  12.253   0.3879E+01   0.2622E+00   0.338
  0.3499E+00   0.6786E-02   0.1305E-01  12.218   0.3870E+01   0.2628E+00   0.349
  0.3648E+00   0.6551E-02   0.1262E-01  12.177   0.3861E+01   0.2633E+00   0.364
  0.3802E+00   0.6324E-02   0.1219E-01  12.130   0.3843E+01   0.2641E+00   0.380
  0.3963E+00   0.6104E-02   0.1177E-01  12.101   0.3834E+01   0.2646E+00   0.391
  0.4130E+00   0.5893E-02   0.1138E-01  12.068   0.3825E+01   0.2652E+00   0.404
  0.4305E+00   0.5688E-02   0.1099E-01  11.989   0.3807E+01   0.2662E+00   0.437
  0.4487E+00   0.5490E-02   0.1061E-01  11.950   0.3798E+01   0.2667E+00   0.454
  0.4677E+00   0.5299E-02   0.1026E-01  11.917   0.3789E+01   0.2673E+00   0.469
  0.4875E+00   0.5114E-02   0.9911E-02  11.879   0.3771E+01   0.2680E+00   0.487
  0.5082E+00   0.4936E-02   0.9571E-02  11.841   0.3762E+01   0.2685E+00   0.505
  0.5297E+00   0.4764E-02   0.9253E-02  11.784   0.3744E+01   0.2695E+00   0.535
  0.5521E+00   0.4597E-02   0.8934E-02  11.765   0.3735E+01   0.2700E+00   0.545
  0.5754E+00   0.4436E-02   0.8631E-02  11.728   0.3726E+01   0.2705E+00   0.565
  0.5998E+00   0.4281E-02   0.8342E-02  11.692   0.3717E+01   0.2710E+00   0.586
  0.6252E+00   0.4131E-02   0.8052E-02  11.619   0.3699E+01   0.2723E+00   0.632
  0.6516E+00   0.3986E-02   0.7783E-02  11.583   0.3690E+01   0.2728E+00   0.655
  0.6792E+00   0.3846E-02   0.7519E-02  11.548   0.3681E+01   0.2733E+00   0.679
  0.7079E+00   0.3710E-02   0.7255E-02  11.513   0.3663E+01   0.2743E+00   0.704
  0.7379E+00   0.3580E-02   0.7016E-02  11.473   0.3654E+01   0.2747E+00   0.733
  0.7691E+00   0.3453E-02   0.6777E-02  11.439   0.3645E+01   0.2752E+00   0.759
  0.8017E+00   0.3331E-02   0.6541E-02  11.371   0.3627E+01   0.2765E+00   0.814
  0.8356E+00   0.3214E-02   0.6324E-02  11.351   0.3618E+01   0.2769E+00   0.831
  0.8710E+00   0.3100E-02   0.6106E-02  11.295   0.3600E+01   0.2778E+00   0.881
  0.9078E+00   0.2990E-02   0.5897E-02  11.260   0.3591E+01   0.2786E+00   0.913
  0.9462E+00   0.2884E-02   0.5699E-02  11.228   0.3582E+01   0.2791E+00   0.944
  0.9863E+00   0.2781E-02   0.5500E-02  11.191   0.3573E+01   0.2795E+00   0.982
  0.1028E+01   0.2682E-02   0.5314E-02  11.154   0.3555E+01   0.2807E+00   1.021
  0.1072E+01   0.2587E-02   0.5134E-02  11.124   0.3546E+01   0.2812E+00   1.054
  0.1117E+01   0.2494E-02   0.4953E-02  11.049   0.3528E+01   0.2823E+00   1.142
  0.1164E+01   0.2405E-02   0.4788E-02  11.019   0.3519E+01   0.2828E+00   1.178
  0.1213E+01   0.2319E-02   0.4624E-02  10.995   0.3510E+01   0.2835E+00   1.209
  0.1265E+01   0.2236E-02   0.4461E-02  10.949   0.3492E+01   0.2847E+00   1.269
  0.1318E+01   0.2155E-02   0.4313E-02  10.916   0.3483E+01   0.2851E+00   1.316
  0.1374E+01   0.2078E-02   0.4164E-02  10.879   0.3474E+01   0.2858E+00   1.370
  0.1432E+01   0.2003E-02   0.4019E-02  10.823   0.3456E+01   0.2869E+00   1.455
  0.1493E+01   0.1930E-02   0.3883E-02  10.811   0.3447E+01   0.2873E+00   1.475
  0.1556E+01   0.1861E-02   0.3748E-02  10.749   0.3429E+01   0.2885E+00   1.578
  0.1622E+01   0.1793E-02   0.3619E-02  10.713   0.3420E+01   0.2892E+00   1.640
  0.1690E+01   0.1728E-02   0.3496E-02  10.680   0.3411E+01   0.2899E+00   1.702
  0.1762E+01   0.1665E-02   0.3372E-02  10.642   0.3402E+01   0.2902E+00   1.774
  0.1837E+01   0.1604E-02   0.3258E-02  10.610   0.3393E+01   0.2909E+00   1.839
  0.1914E+01   0.1546E-02   0.3146E-02  10.578   0.3375E+01   0.2920E+00   1.905
  0.1995E+01   0.1489E-02   0.3033E-02  10.545   0.3366E+01   0.2927E+00   1.976
  0.2080E+01   0.1434E-02   0.2932E-02  10.501   0.3348E+01   0.2937E+00   2.076
  0.2168E+01   0.1382E-02   0.2830E-02  10.479   0.3339E+01   0.2944E+00   2.128
  0.2259E+01   0.1331E-02   0.2730E-02  10.448   0.3330E+01   0.2951E+00   2.204
  0.2355E+01   0.1282E-02   0.2637E-02  10.412   0.3321E+01   0.2957E+00   2.295
  0.2455E+01   0.1234E-02   0.2544E-02  10.347   0.3303E+01   0.2967E+00   2.471
  0.2559E+01   0.1188E-02   0.2455E-02  10.316   0.3294E+01   0.2974E+00   2.558
  0.2667E+01   0.1144E-02   0.2371E-02  10.284   0.3276E+01   0.2987E+00   2.654
  0.2780E+01   0.1101E-02   0.2287E-02  10.251   0.3267E+01   0.2993E+00   2.758
  0.2897E+01   0.1060E-02   0.2207E-02  10.221   0.3258E+01   0.3000E+00   2.853
  0.3020E+01   0.1021E-02   0.2131E-02  10.155   0.3240E+01   0.3012E+00   3.080
  0.3148E+01   0.9822E-03   0.2054E-02  10.126   0.3231E+01   0.3019E+00   3.184
  0.3281E+01   0.9452E-03   0.1984E-02  10.109   0.3222E+01   0.3025E+00   3.248
  0.3420E+01   0.9095E-03   0.1914E-02  10.061   0.3204E+01   0.3037E+00   3.436
  0.3565E+01   0.8751E-03   0.1845E-02  10.029   0.3195E+01   0.3043E+00   3.567
  0.3715E+01   0.8419E-03   0.1781E-02   9.998   0.3186E+01   0.3049E+00   3.700
  0.3873E+01   0.8098E-03   0.1718E-02   9.965   0.3177E+01   0.3058E+00   3.843
  0.4036E+01   0.7789E-03   0.1657E-02   9.920   0.3159E+01   0.3070E+00   4.057
  0.4207E+01   0.7491E-03   0.1599E-02   9.905   0.3150E+01   0.3076E+00   4.130
  0.4385E+01   0.7203E-03   0.1541E-02   9.875   0.3141E+01   0.3082E+00   4.281
  0.4571E+01   0.6925E-03   0.1487E-02   9.809   0.3123E+01   0.3096E+00   4.627
  0.4764E+01   0.6658E-03   0.1434E-02   9.781   0.3114E+01   0.3102E+00   4.788
  0.4966E+01   0.6399E-03   0.1382E-02   9.752   0.3096E+01   0.3117E+00   4.961
  0.5176E+01   0.6151E-03   0.1333E-02   9.720   0.3087E+01   0.3122E+00   5.155
  0.5395E+01   0.5911E-03   0.1286E-02   9.691   0.3078E+01   0.3131E+00   5.341
  0.5623E+01   0.5679E-03   0.1238E-02   9.659   0.3069E+01   0.3136E+00   5.552
  0.5861E+01   0.5456E-03   0.1195E-02   9.599   0.3051E+01   0.3150E+00   5.973
  0.6109E+01   0.5241E-03   0.1152E-02   9.581   0.3042E+01   0.3159E+00   6.107
  0.6368E+01   0.5034E-03   0.1110E-02   9.569   0.3033E+01   0.3164E+00   6.193
  0.6637E+01   0.4834E-03   0.1070E-02   9.508   0.3015E+01   0.3177E+00   6.681
  0.6918E+01   0.4641E-03   0.1031E-02   9.481   0.3006E+01   0.3186E+00   6.910
  0.7211E+01   0.4456E-03   0.9933E-03   9.451   0.2997E+01   0.3191E+00   7.169
  0.7516E+01   0.4277E-03   0.9577E-03   9.402   0.2979E+01   0.3207E+00   7.620
  0.7834E+01   0.4105E-03   0.9220E-03   9.391   0.2970E+01   0.3212E+00   7.730
  0.8166E+01   0.3939E-03   0.8885E-03   9.361   0.2961E+01   0.3220E+00   8.020
  0.8511E+01   0.3779E-03   0.8562E-03   9.332   0.2952E+01   0.3228E+00   8.320
  0.8872E+01   0.3625E-03   0.8238E-03   9.276   0.2934E+01   0.3241E+00   8.936
  0.9247E+01   0.3476E-03   0.7941E-03   9.247   0.2925E+01   0.3249E+00   9.271
  0.9638E+01   0.3333E-03   0.7647E-03   9.216   0.2916E+01   0.3256E+00   9.645
  0.1005E+02   0.3196E-03   0.7356E-03   9.188   0.2898E+01   0.3272E+00   9.993
  0.1047E+02   0.3063E-03   0.7089E-03   9.157   0.2889E+01   0.3279E+00  10.393
  0.1091E+02   0.2936E-03   0.6822E-03   9.131   0.2880E+01   0.3287E+00  10.752
  0.1138E+02   0.2813E-03   0.6564E-03   9.074   0.2862E+01   0.3302E+00  11.579
  0.1186E+02   0.2695E-03   0.6322E-03   9.045   0.2853E+01   0.3309E+00  12.025
  0.1236E+02   0.2581E-03   0.6080E-03   9.031   0.2844E+01   0.3317E+00  12.244
  0.1288E+02   0.2472E-03   0.5850E-03   8.988   0.2826E+01   0.3331E+00  12.944
  0.1343E+02   0.2366E-03   0.5631E-03   8.959   0.2817E+01   0.3338E+00  13.441
  0.1400E+02   0.2265E-03   0.5412E-03   8.931   0.2808E+01   0.3348E+00  13.958
  0.1459E+02   0.2168E-03   0.5208E-03   8.906   0.2799E+01   0.3356E+00  14.418
  0.1521E+02   0.2074E-03   0.5009E-03   8.848   0.2781E+01   0.3369E+00  15.576
  0.1585E+02   0.1984E-03   0.4811E-03   8.832   0.2772E+01   0.3379E+00  15.914
  0.1652E+02   0.1897E-03   0.4630E-03   8.820   0.2763E+01   0.3386E+00  16.166
  0.1722E+02   0.1814E-03   0.4450E-03   8.766   0.2745E+01   0.3403E+00  17.374
  0.1795E+02   0.1734E-03   0.4273E-03   8.740   0.2736E+01   0.3410E+00  17.990
  0.1871E+02   0.1657E-03   0.4110E-03   8.710   0.2727E+01   0.3419E+00  18.736
  0.1950E+02   0.1583E-03   0.3947E-03   8.685   0.2718E+01   0.3426E+00  19.391
  0.2032E+02   0.1512E-03   0.3791E-03   8.657   0.2700E+01   0.3442E+00  20.132
  0.2118E+02   0.1443E-03   0.3643E-03   8.629   0.2691E+01   0.3451E+00  20.920
  0.2208E+02   0.1378E-03   0.3495E-03   8.604   0.2682E+01   0.3458E+00  21.633
  0.2301E+02   0.1315E-03   0.3357E-03   8.548   0.2664E+01   0.3476E+00  23.355
  0.2399E+02   0.1254E-03   0.3223E-03   8.521   0.2655E+01   0.3482E+00  24.241
  0.2500E+02   0.1196E-03   0.3090E-03   8.494   0.2646E+01   0.3491E+00  25.161
  0.2606E+02   0.1141E-03   0.2967E-03   8.470   0.2637E+01   0.3501E+00  26.014
  0.2716E+02   0.1087E-03   0.2846E-03   8.429   0.2619E+01   0.3518E+00  27.539
  0.2831E+02   0.1036E-03   0.2727E-03   8.415   0.2610E+01   0.3527E+00  28.091
  0.2951E+02   0.9871E-04   0.2618E-03   8.389   0.2601E+01   0.3536E+00  29.141
  0.3076E+02   0.9400E-04   0.2509E-03   8.339   0.2583E+01   0.3551E+00  31.273
  0.3206E+02   0.8948E-04   0.2403E-03   8.311   0.2574E+01   0.3559E+00  32.527
  0.3342E+02   0.8516E-04   0.2305E-03   8.286   0.2565E+01   0.3571E+00  33.707
  0.3483E+02   0.8101E-04   0.2207E-03   8.259   0.2556E+01   0.3579E+00  35.010
  0.3631E+02   0.7704E-04   0.2113E-03   8.234   0.2538E+01   0.3596E+00  36.315
  0.3784E+02   0.7323E-04   0.2025E-03   8.207   0.2529E+01   0.3604E+00  37.718
  0.3945E+02   0.6959E-04   0.1936E-03   8.184   0.2520E+01   0.3613E+00  39.004
  0.4111E+02   0.6610E-04   0.1854E-03   8.157   0.2511E+01   0.3624E+00  40.511
  0.4285E+02   0.6277E-04   0.1774E-03   8.107   0.2493E+01   0.3640E+00  43.607
  0.4467E+02   0.5957E-04   0.1695E-03   8.081   0.2484E+01   0.3651E+00  45.254
  0.4656E+02   0.5652E-04   0.1622E-03   8.056   0.2475E+01   0.3659E+00  46.908
  0.4853E+02   0.5360E-04   0.1550E-03   8.030   0.2457E+01   0.3677E+00  48.777
  0.5058E+02   0.5081E-04   0.1480E-03   8.005   0.2448E+01   0.3688E+00  50.554
  0.5272E+02   0.4815E-04   0.1416E-03   7.979   0.2439E+01   0.3695E+00  52.553
  0.5495E+02   0.4560E-04   0.1351E-03   7.955   0.2430E+01   0.3706E+00  54.440
  0.5728E+02   0.4317E-04   0.1289E-03   7.906   0.2412E+01   0.3724E+00  58.541
  0.5970E+02   0.4085E-04   0.1231E-03   7.880   0.2403E+01   0.3734E+00  60.820
  0.6223E+02   0.3863E-04   0.1174E-03   7.855   0.2394E+01   0.3744E+00  63.163
  0.6486E+02   0.3652E-04   0.1120E-03   7.831   0.2385E+01   0.3754E+00  65.510
  0.6761E+02   0.3450E-04   0.1068E-03   7.819   0.2376E+01   0.3764E+00  66.738
  0.7047E+02   0.3258E-04   0.1016E-03   7.782   0.2358E+01   0.3781E+00  70.562
  0.7345E+02   0.3075E-04   0.9689E-04   7.758   0.2349E+01   0.3791E+00  73.148
  0.7656E+02   0.2901E-04   0.9225E-04   7.734   0.2340E+01   0.3804E+00  75.850
  0.7980E+02   0.2735E-04   0.8769E-04   7.711   0.2331E+01   0.3814E+00  78.590
  0.8318E+02   0.2577E-04   0.8352E-04   7.662   0.2313E+01   0.3833E+00  84.629
  0.8670E+02   0.2427E-04   0.7939E-04   7.649   0.2304E+01   0.3842E+00  86.318
  0.9036E+02   0.2284E-04   0.7542E-04   7.613   0.2295E+01   0.3851E+00  91.271
  0.9419E+02   0.2148E-04   0.7171E-04   7.600   0.2286E+01   0.3864E+00  93.163
  0.9817E+02   0.2019E-04   0.6804E-04   7.566   0.2268E+01   0.3882E+00  98.160
  0.1023E+03   0.1896E-04   0.6458E-04   7.542   0.2259E+01   0.3894E+00 101.894
  0.1067E+03   0.1780E-04   0.6130E-04   7.519   0.2250E+01   0.3903E+00 105.652
  0.1112E+03   0.1670E-04   0.5805E-04   7.496   0.2241E+01   0.3915E+00 109.506
  0.1159E+03   0.1565E-04   0.5505E-04   7.449   0.2223E+01   0.3935E+00 118.036
  0.1208E+03   0.1466E-04   0.5215E-04   7.426   0.2214E+01   0.3947E+00 122.367
  0.1259E+03   0.1372E-04   0.4928E-04   7.412   0.2205E+01   0.3958E+00 125.171
  0.1312E+03   0.1284E-04   0.4669E-04   7.401   0.2196E+01   0.3966E+00 127.290
  0.1368E+03   0.1200E-04   0.4413E-04   7.356   0.2178E+01   0.3989E+00 136.780
  0.1426E+03   0.1120E-04   0.4165E-04   7.333   0.2169E+01   0.4000E+00 141.924
  0.1486E+03   0.1045E-04   0.3938E-04   7.310   0.2160E+01   0.4011E+00 147.223
  0.1549E+03   0.9743E-05   0.3713E-04   7.287   0.2151E+01   0.4022E+00 152.773
  0.1614E+03   0.9074E-05   0.3501E-04   7.241   0.2133E+01   0.4043E+00 164.602
  0.1683E+03   0.8444E-05   0.3302E-04   7.219   0.2124E+01   0.4057E+00 170.632
  0.1754E+03   0.7850E-05   0.3105E-04   7.197   0.2115E+01   0.4068E+00 176.744
  0.1828E+03   0.7291E-05   0.2923E-04   7.174   0.2106E+01   0.4078E+00 183.686
  0.1905E+03   0.6765E-05   0.2750E-04   7.151   0.2097E+01   0.4088E+00 190.659
  0.1986E+03   0.6270E-05   0.2579E-04   7.108   0.2079E+01   0.4112E+00 204.820
  0.2070E+03   0.5805E-05   0.2425E-04   7.094   0.2070E+01   0.4125E+00 209.466
  0.2158E+03   0.5369E-05   0.2274E-04   7.084   0.2061E+01   0.4134E+00 213.089
  0.2249E+03   0.4959E-05   0.2128E-04   7.062   0.2052E+01   0.4147E+00 220.956
  0.2344E+03   0.4576E-05   0.1996E-04   7.040   0.2043E+01   0.4160E+00 229.043
  0.2443E+03   0.4217E-05   0.1867E-04   6.997   0.2025E+01   0.4182E+00 246.566
  0.2547E+03   0.3881E-05   0.1743E-04   6.974   0.2016E+01   0.4194E+00 256.114
  0.2655E+03   0.3567E-05   0.1630E-04   6.953   0.2007E+01   0.4207E+00 265.142
  0.2767E+03   0.3274E-05   0.1519E-04   6.932   0.1998E+01   0.4219E+00 275.101
  0.2884E+03   0.3000E-05   0.1416E-04   6.910   0.1989E+01   0.4231E+00 285.493
  0.3006E+03   0.2746E-05   0.1319E-04   6.866   0.1971E+01   0.4254E+00 307.853
  0.3133E+03   0.2508E-05   0.1225E-04   6.845   0.1962E+01   0.4269E+00 319.160
  0.3266E+03   0.2288E-05   0.1139E-04   6.824   0.1953E+01   0.4281E+00 330.599
  0.3404E+03   0.2083E-05   0.1057E-04   6.802   0.1944E+01   0.4292E+00 343.533
  0.3548E+03   0.1892E-05   0.9775E-05   6.780   0.1935E+01   0.4306E+00 356.744
  0.3698E+03   0.1716E-05   0.9071E-05   6.759   0.1926E+01   0.4317E+00 370.201
  0.3855E+03   0.1553E-05   0.8384E-05   6.729   0.1908E+01   0.4342E+00 390.201
  0.4018E+03   0.1402E-05   0.7730E-05   6.696   0.1899E+01   0.4356E+00 413.196
  0.4188E+03   0.1263E-05   0.7143E-05   6.676   0.1890E+01   0.4370E+00 428.315
  0.4365E+03   0.1134E-05   0.6572E-05   6.664   0.1881E+01   0.4383E+00 437.394
  0.4550E+03   0.1016E-05   0.6041E-05   6.655   0.1872E+01   0.4394E+00 444.496
  0.4742E+03   0.9074E-06   0.5555E-05   6.634   0.1863E+01   0.4407E+00 461.469
  0.4943E+03   0.8074E-06   0.5085E-05   6.592   0.1845E+01   0.4433E+00 496.952
  0.5152E+03   0.7159E-06   0.4660E-05   6.572   0.1836E+01   0.4449E+00 515.375
  0.5370E+03   0.6320E-06   0.4263E-05   6.551   0.1827E+01   0.4462E+00 534.423
  0.5598E+03   0.5553E-06   0.3881E-05   6.531   0.1818E+01   0.4475E+00 553.846
  0.5834E+03   0.4854E-06   0.3544E-05   6.510   0.1809E+01   0.4487E+00 575.430
  0.6081E+03   0.4216E-06   0.3224E-05   6.489   0.1800E+01   0.4502E+00 597.500
  0.6339E+03   0.3636E-06   0.2919E-05   6.450   0.1782E+01   0.4530E+00 641.958
  0.6607E+03   0.3111E-06   0.2653E-05   6.429   0.1773E+01   0.4544E+00 667.594
  0.6887E+03   0.2633E-06   0.2398E-05   6.409   0.1764E+01   0.4556E+00 692.167
  0.7178E+03   0.2201E-06   0.2163E-05   6.389   0.1755E+01   0.4571E+00 717.437
  0.7482E+03   0.1812E-06   0.1953E-05   6.369   0.1746E+01   0.4585E+00 745.122
  0.7798E+03   0.1461E-06   0.1753E-05   6.350   0.1737E+01   0.4600E+00 771.795
  0.8128E+03   0.1145E-06   0.1573E-05   6.310   0.1719E+01   0.4628E+00 831.085
  0.8472E+03   0.8618E-07   0.1411E-05   6.310   0.1719E+01   0.4628E+00 831.085
  0.8831E+03   0.6078E-07   0.1257E-05   6.270   0.1701E+01   0.4658E+00 895.663
  0.9204E+03   0.3817E-07   0.1122E-05   6.251   0.1692E+01   0.4672E+00 928.194
  0.9594E+03   0.1797E-07   0.9982E-06   6.231   0.1683E+01   0.4688E+00 963.676
